1701088136
448452834
519288168
1769990400
1873820067
307056905
1512794662
769066247
1661212535
323231741
4792941
292660076
1616163862
1014716229
688271508
1778744071
250071050
957826570
909781162
1477550782
1743782455
106770908
1286991220
173967360
1734170802
1562257205
1335074401
902183532
310383488
1768360192
314722533
2011471624
69329378
834010701
1633978376
1943149446
1141067607
999289391
564732045
654796494
1322521132
569524986
947456570
791201346
1584241216
1635728079
422461770
1834312266
446071001
1332242932
1164379400
42369808
1439013840
303886972
216337168
1025700994
1866144177
1551411569
1927884526
29044017
1172288114
95123412
2040515642
1241617492
929134113
1527010370
1037283290
2070201720
378816113
1602015336
577514566
1701337246
24056674
1524971137
345054944
1608297890
1013215568
767516714
1295126508
1459286569
2099759646
312022261
1501656377
1391289839
615909233
1717993545
269507185
334569763
1121921466
49908064
363613780
146725932
145031476
256645774
1388343425
1074165589
1783656145
278143067
996883662
14988610
1880158403
1574398228
1716325856
1904215078
951885717
2061380801
1365029320
1965101285
681413867
512672181
1276904206
633689866
824694442
631076935
2024979705
1440603675
201586832
147003242
1775173438
1323508299
196911306
2138787219
1470234231
341942782
247949345
711094008
1416108372
2031605490
989237076
265508386
2046594101
721911831
1839906614
1615436309
478643261
644308684
1529333462
1843672582
461926321
63263682
208861115
1738830528
696953548
1033555557
222423815
574449605
326675584
424010648
721452847
2101849023
1747518947
918364154
2093152594
1070269530
1260306936
193618291
1781363539
528931660
77740134
623116967
794440046
2124334235
1345028798
486863013
1592286896
1823672060
1131171697
974136711
1519860994
1593098018
1037400393
1728722109
1184444898
1734353941
614794018
1406868714
161319898
941469602
1830879362
882772745
895834977
1430914661
1801136899
841503923
353700543
913960188
1035122215
2135064082
1442891848
1112862349
610697401
89848247
1089712936
1955726200
576711260
534516184
1631914612
1707882957
1508652895
1004291958
1153497327
398569640
585530419
190458578
2132923581
1200324437
1597327292
146759831
2141794039
1280723006
1029532577
890145369
564154019
683185828
1731649292
917854562
1597146016
619287859
905434997
892554217
1732150208
1516132398
982402464
674379496
1324374950
1559113724
1208895681
808805914
1119513033
570064928
1813097872
125526712
968634569
251144643
315985290
954074502
1451469080
1913312582
1100834334
1445779472
1046551940
2130366911
188441193
1610705959
666069091
1920090485
381076874
115731460
391894697
1286511871
1008285677
2124044905
655160621
1990688141
650940754
1979535572
1402318217
1859836435
640857838
374347602
282417715
306472063
499874314
1251052284
557616706
815859605
57643139
2009085787
581688539
1158477473
1307381611
1628240480
1141360736
1495822804
1091462791
1807429827
1268429641
1472539665
1923161287
1660324338
611567888
783963316
1636885596
1266728510
627167809
140342702
1098780434
2029486026
2000179137
1739638272
256349980
135113204
2046110335
756224295
1386165489
456243394
1572083900
1443808628
317845533
6288791
454802453
1625227144
1634529271
1596163189
973566300
578508415
1256109368
94512293
2051048080
1031787008
1754836632
515132321
1815750324
1244238580
1781860831
295434486
1384581282
733157617
177436864
1237276771
325312241
433786845
1372389975
223938929
1190011140
611071816
680182323
614611392
2054880444
998027856
620900183
362199249
475771352
107945807
1958362438
1449337652
686454222
1066988159
1543849945
590018654
2098775167
1151202929
1105150975
1767041843
247957861
739528158
2062476329
1632539143
1472685775
92429546
722332266
1797998017
526216391
2094722242
2021936946
1716227531
558310410
554635621
183355275
465707207
1552663477
804255458
827906456
2028434829
912201265
638785247
1330288833
1598655487
1705773406
726655130
41190494
1657064925
1877858060
1146341469
1276623120
2125815921
1885869628
1191615802
1610871417
1211071755
1284045348
185720035
861586124
1810261739
132958629
736039422
1379005622
691269040
1290675043
1562360897
1156976247
695854872
219132707
1984882703
576806053
1131333973
476184302
1907094886
582505812
34474060
486266369
623696306
1691538985
216640781
1770037776
820678458
194973054
1508423756
2012294260
1805844471
572011863
1148855960
1991564507
1433597988
811634051
2124523136
22153762
43156025
668308528
1312828806
1605516922
1825284775
2008683678
1824649629
1662683831
438006084
808499954
2138868133
197617322
1391005767
25858546
683883691
2014702073
1717397531
900524472
1637256201
390592341
1095497527
998196309
255402953
753858350
1570208173
1404258913
597939209
856322513
68409316
574978698
878476275
111565341
1243287226
43821433
1717082263
921088354
2052505112
1394248245
436288537
343027548
55264551
427673022
540644870
1446270318
453531568
1224528562
1313488744
23445452
2125053034
803261297
414037793
1073066913
1801457607
669440747
1826925264
1224182132
2073699660
277380825
2080504645
2142108977
852359523
811497272
106190670
2095646750
855318706
1823272934
869251456
760340170
1070037531
1305539993
1103367718
1125302082
1733213015
1644012588
424088753
39260936
721057502
1737577497
62706388
698626889
393355146
476744181
1771693802
47329105
1146184928
1451135418
1271511237
1072400941
1728516244
1204532234
1067026270
433392119
2016029507
1173216940
381555221
723864565
849006226
1250806677
1484204735
1919043757
408863022
440088805
896862192
2142076038
2084101393
1320950945
33853326
657675248
911044794
96559714
1356302137
1304399940
573303895
980512291
1351729046
1719488824
284164062
475756635
644406117
2012680306
1680288870
1711432387
298588777
1548834729
737165679
680143999
125215646
1586171906
1930950676
1609420381
1357732015
192330051
2049509186
107110559
186922441
1986126931
1428061504
220775767
496318531
191622650
317335481
1852620668
1496022591
890639376
685649312
700267989
462644552
969813374
1176024624
1107050669
835010032
708829846
670999408
1133598809
110180927
1408165088
1813742808
235396573
846853346
1597209837
1844816954
57101713
1789539888
1746842492
164212273
1976462329
1585485776
1592273777
49754448
2081804307
1783896428
367089929
1786941328
1132435371
1257729305
325106992
1832703360
1720373858
1294920366
861244336
679940879
2129930398
1570074183
1350940288
1116045559
1680255110
611621728
782304720
1915651684
1458475074
232030909
1612984990
1515576787
2021570797
1212343835
1679789060
1850549478
650345963
1124579190
1900303926
584666622
760991970
119910207
224124302
1893427341
1377639512
549231294
1578647053
950529722
1844151660
292407741
1630470602
1826598410
1862481924
833927242
795160322
1395253387
1445548970
1577465042
1163421423
756540396
1809495951
628922765
124633535
1683583100
1841266600
1804422596
1386648930
344128915
781518138
1139469208
928795538
1542510108
1259379415
1152919840
1288453801
489535279
1702151135
719617206
1440065002
1398819147
1012024947
923051956
1077933910
727023224
1756979198
1873094232
2122276611
1055044520
1303075626
1138214386
1811584916
965087929
1767137151
1936218451
501187381
1460920104
1593157399
1887836311
1805049019
227191889
879821871
586360909
1769701997
2139201286
1739280750
910672150
481252917
1293948237
1630289356
1921317919
545283736
494830656
696886227
1623217646
1221853880
306381777
1348828230
1196646843
1361426297
504420208
187377581
1025527565
1469508137
1954514732
814262369
1970695518
1267951188
259936120
1711048181
925516560
487128010
443386404
1511877469
109346359
435104042
1103674571
1020018510
916356960
250139160
502824218
690191231
795422897
997654874
1387077459
271156895
72025106
1693459236
1619985126
1268671949
907401886
2124405334
1456049530
1932929451
1446429824
1263080615
599708172
1269641694
383548155
859644293
833206228
1309064715
1346772303
1276592632
673458537
1456118662
1711696675
1777133108
328653524
480569987
2027272269
831477743
1170761218
675211518
1829132617
410355029
946368413
1901157724
2103814266
418869891
1022346025
863732504
395791578
330911908
649178307
1842221402
1593992523
1248886480
964379448
1977540678
2108530773
1797585676
1139121746
1307819428
926694661
1812580283
616454442
490907688
1442229743
945107967
971477675
1322018364
1776585710
2142238893
1997229882
1458234679
405110275
796114648
1211908755
361440893
1214984539
86771133
1225173397
1610776117
417683041
1874351704
1305513871
2011675564
975754536
122409672
1841732594
936801661
1919995348
833370692
97137441
699206361
498467327
713591884
1190114049
1940697071
1658699851
14108076
1115231787
1287801913
8863322
964978022
598552944
413973597
1761092670
1810461700
775414490
828593561
1897232833
2000587887
291886031
167432226
1727455943
1597399902
31624142
555726832
1719809574
1873356736
1492528493
1492321275
559243781
1589665935
44043988
1057711108
155774171
1234158038
850924531
1814474022
1248266114
1966156319
954792287
1257129436
783650693
1553345231
1671103033
397259715
1216323283
299033875
1225853276
966072468
152138114
1517739307
1133504694
1879594058
967655562
1165128836
287837242
539981488
891001925
1780365735
2032302763
1450245706
1222548022
2076346752
360473166
1378322193
1163021142
1211397698
1045312567
263803608
1030070369
2000104854
1520933045
1813721062
1405966438
1044552430
63497129
474806073
1343586306
1289350405
1440878542
1495724420
659606065
426899588
1227834830
1627261627
1592028425
1515672072
19759467
335546702
1148554160
2052062231
1785792408
223618534
1980925335
2146265574
1601940728
996462829
1210179624
499769647
1260266437
92766345
352390854
633715834
1906487407
1758357292
1678268265
1969984536
85679717
874370923
1111851294
1526558259
222611695
1771457359
1953457848
1450446526
1251235338
1398002625
818634950
1270994805
1733549327
1967189110
1175573388
1371858087
43323997
1009015075
1370640013
1645264725
2005477904
433335990
2145034372
1118260694
526102335
349941578
1751976528
285106095
2108298870
1282761145
107606983
46494940
9648420
1219458277
1573053199
232260116
843431988
1379027399
1682706642
2094667326
629546376
353857944
1218178484
215612055
173563407
246268224
1587470142
216887404
1255283300
810626508
1862152129
1113277556
1243962498
1859702853
84054602
1770064833
62160784
1836031131
2055170928
22976006
971308628
15294264
69470946
980957049
1234752541
1642524146
1213217165
2078184530
874067897
748440159
2025368208
1503614274
1102298103
1096063044
1719226329
1275861510
1342331269
1159212824
1492748914
450130921
1969839332
1207417395
1563408477
1066318182
919636601
1647463080
688899367
981797385
1336010563
596586648
1004773391
159835543
611880912
1074244338
1140792592
1846633453
569284836
206526109
1777334335
1443352733
954966268
1655218896
799483359
2057264372
603798292
371226041
1185642234
1946129561
1530438865
530907501
248776834
1352794549
1738324896
1812185312
271629083
510477849
1312164744
960528450
1492275234
500691659
1557115098
349564978
660527202
21512362
1423809316
1801319795
1868145816
1993094152
2007845904
1497996503
1288963237
815328525
1005731751
2088446597
725109249
1609530044
312188990
1910751483
1408175957
1842627855
294175336
1656952792
1047938756
2032500233
1321654456
1319567839
395494434
486335552
132612641
1887769669
987027211
1689727740
89850999
1647554413
1711240102
1513660315
1301390560
1431902270
1359270819
1161752817
782415126
500750408
1977081342
1788146877
441713357
554706943
1250193273
753902347
317974778
510885583
449046554
612150115
20354727
1496985310
497166700
1342009183
669069501
892661134
1828344735
801682143
632947155
667888298
343926235
722798154
167959063
2055166337
88974821
1469349624
1339584960
1448245640
483618793
2122000086
1948996049
313216487
1762663315
243225758
867923430
865372941
997128106
1185898208
1376258524
1446174660
1798048323
1396613251
795676323
147731375
591138786
1464745824
1040392510
271999873
118944319
1673339665
939888171
462870554
248654172
1107847234
370553244
337628993
429713210
1710138204
1785874634
913332003
1684654642
1587387035
1226548490
1299834309
1830612793
2094471920
17723602
680257251
1132886481
1393982126
2126431912
783451156
643111729
774624587
931182532
1234250515
91886763
1971575042
1506250388
210831083
1497431059
298654911
673701637
1746085231
1406502146
1044254881
2083714225
1836215356
606909437
1722105211
602063712
144080431
1162008598
1828612202
1443914741
845137743
1775600475
1461638343
1525394995
761003308
708136822
1504343259
1544454464
1351248551
131484198
328153348
438015419
223370961
152244742
1944265807
434202044
1649675802
95437071
1107903682
1248277385
1501939217
4674915
1184507962
1190670925
611584353
759129525
1792734637
755664784
1921138123
1473863192
52095877
618792219
1101980019
1513734221
2144187214
1862983327
74387395
1501046825
1259954143
1425635946
1632531023
1588107492
1863651365
1855901984
1740352234
1660433525
142620381
1242544388
1755870596
1250524063
343338126
1110326165
1255198978
1527846088
153513442
1866783331
139491966
1946248080
474964468
2060630089
1272627624
527060345
531938660
227123995
2040794566
528642226
2090107322
2115181961
2029689051
1202577817
1393334260
1514736426
643201661
1109501977
1223154763
236070248
622451854
1365775144
1478614636
230838802
468815559
1821952762
1341164967
1724014537
1202315203
1494678410
1443314221
1341807169
1293442842
1918278689
1254953610
418586818
297855386
1786892271
645710813
191166305
168050849
588334487
158864618
50256253
1790912304
1552198878
1564992679
286630318
514217208
640663794
522700566
1136669062
2006438938
2001315202
1367507865
327770849
1675784317
561189184
2051785387
730615872
2055867594
1347615960
2072423041
1201826788
1118411001
1179893003
1620413606
1416266387
819301626
118640771
1607432692
987352476
706975258
1766297311
1037608729
350403915
1171012541
455117760
637034233
1685229749
1095781555
1159734799
674415164
954736845
1013566353
2041923029
1282507695
541867022
455628565
1186809434
1272482894
364012512
386941746
1197422287
1565839300
1505352747
229831643
1038769259
774135486
1049133269
1157410030
234084531
2036485745
1864385289
2000381842
926610826
67305556
1023910735
1381728587
704339789
561656837
330026494
1864074588
1236072001
1284763339
730157293
1130511382
419787386
1272024316
1586139947
1606596820
397023562
1950152459
1993538566
1594445850
1368508112
1351407665
1824277493
259793723
2125543152
725927114
1417203753
212144035
614929212
1134105394
65042229
1541540038
1201410950
1088952964
775784977
1905750739
1650609801
1105811471
1622341679
739198154
243091163
205015325
1869709536
662878549
1477039641
1308365836
121991722
1874063203
1111034647
2115530288
1321025405
332059111
1319454306
997819250
591852834
1297513810
1723746365
2009056588
1509657845
191191929
995678334
1574700074
1732731967
49605637
516169390
361033297
1955356376
19295544
1466844768
1430214408
758493698
1709935931
1635229733
480719587
225330833
964785726
1789085423
347322555
691365281
752636422
315369195
2012390687
1084695534
1634823501
862726289
1676548368
784853663
438989006
1538121308
147027860
630180935
386315995
1721727934
215429255
435921632
90413677
576462552
243794360
109709221
2043307320
1674008768
868202919
1605759604
1161754853
1348922506
1831090437
2126540579
990524281
30929344
670422213
1743160704
346298539
535329252
680372590
1981122041
1398055541
209437310
618492056
1837044548
1747558619
765519917
319741835
2133874614
339764203
535171090
422312598
430177880
1111633642
666106958
539887101
1007457315
192632079
1408090021
465733271
1354386932
609528879
149340060
1333443864
1600053161
180269404
2003866077
1195730217
526567943
391711681
1876102807
360206336
1789767222
2085540117
978698393
1479328122
1685615088
1744218310
1799069958
1672006054
2083982513
186757400
2094318652
366676746
1298391043
612941963
906563847
158364710
805574042
167170220
624097981
12477326
776699100
773438041
1345921190
229268613
953707445
1202303619
1424998830
1480275388
1594015300
1153617989
1840481725
1236298875
1091674458
671696470
568143349
629805899
268431132
219729659
154328305
204929997
406487060
101163310
571606743
1704878103
714105273
1478170591
1863242813
1519679315
1645340811
339857146
1532156641
274556263
1113295187
730594184
503824876
2067002632
1932897803
1928823706
1399794372
1379429456
934958047
1092792449
468244683
2026632506
1764488919
1036388032
508954757
2032920051
1256117692
663283062
90366401
1662604752
764446372
661973144
1219999207
1478551645
2140143735
935758372
850747312
1638000899
1275615518
235420306
1912557162
241427057
966014490
268898391
160946041
751428645
50238449
1560740413
2130858101
985196497
506049215
451619136
864345355
123054486
1488007169
1373300112
8490890
596641213
2036583174
98857291
111762317
653545899
760830435
1331761524
2132097544
753490523
120036248
835361209
244007774
1395651766
1070781515
9081288
1637078823
2036796005
277979679
1798024864
640741002
328218129
1211281629
624115456
1313414626
1717330844
1075734592
30276333
1840385331
416258113
1403576445
1848876221
1012899326
1292675971
1947733512
1124661643
1946221870
561080299
308939519
1930835767
1314570822
428975767
618713328
1558578596
1824627533
1689494843
1567659885
1314222708
1578807200
1845639564
964763924
72064554
26374045
28561906
696180010
1339788671
1745892750
1771914603
1370065004
1438794433
40689068
626157801
1140187006
1053588395
1918833773
940436870
30766390
1717571995
1501517170
339705910
1500924114
668604344
768681677
2119637442
79699293
445825563
1661648637
1647359178
1760048271
1092972189
1345515094
577328548
1165036744
1371889140
605890454
1861216754
564194163
204299556
1485647709
1934259168
1643093990
1526336778
412933321
635797348
432441525
184283446
1576234219
463207915
1901855442
930267741
802913825
1255295908
1598872085
1571595503
1227449703
1678571378
2017421066
741614692
1178446908
1629985689
1834586882
376478355
59830589
852139978
1748367495
665721043
565873084
165078010
870020600
2051520794
2099337178
365630942
1430373924
364786852
1001428290
1862815449
549070298
430178861
178539716
303442092
1360446602
981453542
1558738001
811835040
405565397
638704056
342922770
275502815
1380318748
1521369679
1905488504
1067421982
1897848034
1965319094
1919561960
1498731881
483556489
337951397
1663809891
1353577089
241988543
1615663422
1719208031
1672362467
1980450274
573152674
1387694268
382036924
1003331535
1566233984
685479017
216294490
400203878
96733370
1028129530
805769275
735437426
1371052300
1081272090
2115756174
744938331
839276947
1035694509
495302717
657112393
807772821
1994034598
1140668882
1145724218
1510360842
346762324
1387712761
978540616
2065970355
912591580
811507242
491639381
152802200
1193544166
1494970917
1719036185
1879023183
1711265407
2119240063
1975756553
591911289
777525691
563710331
1962963589
1858797781
531982858
560418273
550591080
1567677367
1055720990
1207703473
227966540
902271941
200888708
1373690759
265149135
547651032
613919872
1243689751
466137739
1526511453
2055196993
957777121
1679313653
1101257511
305264390
1250866190
832797047
2016529797
1222622606
661069952
460957438
2000148297
1224780284
276437379
1711462430
1756763142
836855652
114569863
1176956861
1892576643
1322273336
1404923401
647364936
1523162044
631130512
912514071
2070813076
1245050385
8720174
389467168
624078190
2063917167
1347244289
155908195
1017691030
1652508679
1406774386
1850488077
1521554828
481913344
364074382
1982512266
334577993
1588854666
111465997
2046040423
1198134160
948321650
13126638
227607373
693414645
1335399975
1632530774
1340779581
711078371
116177639
105810004
634407800
1361228024
114530178
1023874968
1985306214
30963697
223635609
2141214409
1048654727
1876144288
1400505147
751659157
1250215468
1882418491
1115733539
1085244086
69512836
557104557
1196710083
2115553260
1755238717
2145031733
2128679898
1982846090
690962730
1316596225
1467893216
2031742311
2027674597
1584070855
2137552315
514598749
797815231
104598845
1538473717
635637797
135562542
1762109326
629368559
1184217270
1490769966
2029873706
1935876427
593501786
1764808550
904126318
1678745872
1834321386
1461230875
727972307
1802390998
1068985944
725520393
1783587249
904348386
1416483123
952699826
224757954
1300741787
832890775
1808828810
1290810454
1347489524
459160393
1395409300
738479593
1094798191
1530971842
353105271
1724166750
567705464
1843875237
1606556808
356098243
289893375
1223881710
1260224561
1968639247
910719449
573971788
549127907
565626799
1642957732
1274648300
201730400
399822470
543647775
1154430227
624580425
1844389562
1987321002
285925587
987716369
1187326879
745085980
235642021
1925806472
1839884171
1766613863
131428096
1416567273
186835680
1975303333
875640434
542933923
117713061
2099522144
1803158485
2086352308
862757945
229646625
487996567
1428384745
1872604358
1762644867
1630115145
124943180
158808995
637061724
749523605
2003198557
476899079
1035449192
843431278
1664225958
1780535173
1079073299
1442548782
1472935696
698203515
1573976878
742019322
885039195
1401796564
1617659756
1427973118
1519509625
1569698252
1083647955
1458378285
284972550
1313294581
1946374853
1713357295
1038415291
1561536072
1195988792
1163358471
1720345067
1833050517
1912882077
1576059977
162465948
800847621
272007607
1826691906
433899146
1351080907
1121757040
1906834843
2049284422
548250271
501370517
786839969
1950046835
2119030273
67329439
1322072812
1541244877
1150977395
632967449
1826217427
316788328
431858654
1392091074
1355203619
1993394727
440596219
371078442
1566256146
126163088
136476871
994832475
288629036
937324493
1266840083
2115320942
1371223639
470437342
1089594334
1130574834
372238116
1637844605
1631945351
1159078085
1440407792
1603491976
1226407524
614996956
997253206
229901271
1247964406
675986985
546689599
1679823060
2068078060
1901893218
1525734139
361190631
125488013
944506638
487353719
261964884
1939339113
775982755
1199289377
1058695548
743820049
423029369
1529132890
1833414383
1553604203
1901371006
1323775341
1038065907
912965443
616699485
494074235
2139372968
1231696442
1491327441
221790591
332177200
19830779
768480191
2012000260
2087908839
522889761
1390250752
301615822
648377774
187273742
788969541
910342659
2126612855
1564952296
2109632036
1037824756
161288697
385177757
419473998
1994703080
1938781961
173361357
1170994773
829364220
1086326800
1787694259
1323438455
1078216120
871907053
667282249
1300006712
1204084253
687113028
2068486903
1068600865
627538219
443893016
311367969
929154041
1092270791
498641711
1718123582
2002613450
477770919
1135592230
1964761838
1515595675
1296880927
202455948
1935069673
1144100359
2141237909
2108431030
167611485
823118481
1047274183
1955305744
2146556936
2125490303
679729149
666355537
1278013367
1883813402
1353468565
1199016622
804930619
1981006784
1642909639
1116298589
762677177
587696782
1614940300
333317111
442826584
2092711219
1468909341
260104774
1460823246
618306620
462560722
1248409272
1762406980
456314983
1209356654
1930018465
1279433464
109147189
1737840561
1278506753
87153845
270086062
1944862290
1365167212
6415816
1150847208
416700187
811346435
984370344
2059609826
1927645024
1747047522
499822960
1395101677
2080364633
942649544
1340329248
1401790327
1202754318
653668847
2020096947
1665315041
1902078119
1635020279
2121630024
963951125
1417555096
1253579841
1073098315
1007912009
384602946
1160252160
1277998071
181981588
377935724
1284413887
1332828796
794635911
2095760323
169715493
706762089
1875921699
1916763015
1206585049
1123539728
1849644000
1750945
316385329
1103950679
1204505264
970054176
976563979
722336657
724648647
464100610
696483033
1688599772
1881655707
1950062874
614214439
742084068
187182172
1774466599
2020082140
369163761
4918676
1157012379
1701992557
799554587
1105289054
1871708050
1506316677
833727106
1640987417
565418078
1957266834
1343147770
567169024
126168515
299614801
1771674288
1096222691
1276178780
346527297
1820871338
1740279391
1043010330
1361987463
1474451450
845589557
1976201902
69051870
1032771729
1603184854
2089134010
1401935490
1608103530
1098662742
956444400
260174469
56468148
680668802
1766491146
890195254
174172572
184425577
699978441
1517320342
751594601
826146956
1816935143
375785241
1922369648
945630276
722312538
1595757338
538426019
1765322868
810261153
2012877469
463428777
638979408
2081929339
1496200507
94680614
2023579702
750652349
1702784144
974758796
1707096749
1962958613
1031226944
240281904
1581966112
1921422199
414454476
1766391689
473916992
1931774818
370502642
1300063948
1601226313
746287883
1074949948
399372941
1468600421
523223639
937798960
1086439641
1333484792
803192781
1549868419
1972464200
737638473
898585278
2067144814
613734527
1649237627
1622445310
1588493323
1208850729
1437920276
472236619
1449132633
872402740
246175170
1863587109
491310781
720092162
1647878279
861813423
2020156111
1101620944
1608101306
947622411
1500993886
929218079
1470846050
291309198
2015657720
656847195
1094501980
1418042491
481827747
1832140453
169144121
401488914
298391332
1818381749
2023934224
1886884655
879748830
1314370852
211637626
181397815
39289944
457812797
2044984924
530600725
1177904959
1545379555
1392414148
1050577422
499516851
853031806
1998199834
2000510737
1782249885
1321562236
144336288
1650423958
1978409431
1238838268
920982801
312753531
923495073
1090126923
714242445
1221886405
761025024
590693021
961287412
1640773854
1905063874
1172925038
1822171669
1944353818
1630737835
1719672945
327470896
661159147
1117568852
1719885044
1711736569
1617085703
425433203
1562452755
1470112793
60199440
736531344
1614449081
1710623398
567457127
705803701
484122552
880210658
1629298774
1574249475
1594453103
703701531
187790851
37662477
1664988943
1828564705
1942726351
690430333
1503252726
1739596521
173684521
1075442023
2067067417
834843668
45527227
1639468814
399096589
1662612930
2064902017
1961549345
985242075
2125101457
550597041
452207508
1688241208
1118054168
1158011209
24880112
1998264827
639826335
1599129587
1445234282
1343527866
1786920438
1482896759
861033161
1468001495
1278139462
1551463495
823770573
870252336
1725148016
1899212596
789836105
412508036
1944739823
281821271
811604625
1459869105
199239640
625670322
297627533
176857450
1176267363
749835041
1865098658
146837884
1907846251
1889978770
2145102711
400188938
1341624709
1442853345
1743716805
981061499
778266457
457266318
301579346
2056405919
2008729813
1125349919
779174607
1586394181
877078867
1569010713
1998902217
674335042
1850831984
663023195
2134204147
2050071625
1288693517
284348032
79445427
317477233
1034183074
1944544085
464315117
794545677
1687039207
461934180
1194734615
881180268
1904787525
790967772
1862241767
535570334
1248234091
16337465
444492606
1109480256
1141687384
1223667213
548390790
2018766251
645194278
399809359
545617645
348542615
1062832554
532338144
251130592
204042424
816686177
330576019
521519657
1850869251
127636456
985834774
497931280
1814675663
1447768954
1692665895
548372283
1205072831
336150020
263130402
1740643166
1584384111
279467867
37652124
546380719
1421155251
1261319337
1094771509
1292437854
1906513616
1494580869
1838055499
107572583
409929775
222909995
358703175
613972199
1039596172
689279194
1135491856
742981775
816915650
2121326630
1240913055
484107665
1421611936
786095303
1032479948
479201120
1122245323
1295610350
72360638
559145786
1575078217
110012762
1105526505
848749820
1371332099
52814367
2141187674
1130362067
1547395236
1831759525
1237934650
1957325011
2054669520
1596637825
423813563
946782045
138433371
1559305419
1689763820
955349021
1533148402
783193228
1439456686
807276690
1569288531
324452986
1286477810
544050206
1620063336
1358838448
1103195992
1047657905
1468851210
61238849
1896407725
692699662
114053216
1890111751
1823061729
1661448452
1574387628
913512732
1471289816
1481573501
362666909
1895103379
280871898
501100281
1306925150
1970635718
1456449302
692589904
606345298
748422341
1499866595
28150181
1072875327
638860757
572200387
545455016
1997699206
1675396379
1593112921
1319066768
1736635229
1342036999
2011766430
1850688445
1084665102
1687344512
1364653250
511569083
453373596
688459418
1993142584
816040505
436079149
126530834
1317140786
1743004299
2097166552
626106441
288110556
556028203
1374528782
1787977151
584178384
299920461
279354260
1156378772
845375477
129569818
684291503
291004751
1448636587
273443084
1633041750
1312919369
2124131530
570223204
852780233
1341301132
1081792287
1306153829
2029760550
927451223
2122194335
318356051
1053982057
1291851473
2061360350
1003664962
1917957914
201987258
1559693165
1145003048
1989964409
2143871549
1444923510
121835022
1152766673
142815339
251404840
1837058177
433820090
1700041427
2110501261
2066861840
865477149
2087149143
489601397
1718257382
1280966627
1571393684
876927564
1163243529
351361260
851638251
1481599580
1405343317
2143489724
1395476283
261524631
1913963991
1597463541
1821217796
911483391
1439944303
1817605698
208923253
1561779325
822888723
351738593
1813184165
512463252
785558683
1365741945
475480866
704936876
83735446
415146361
1194538273
1801992828
1696112989
618448309
531436744
711872870
969809569
1383074995
45988803
227669239
1379081072
1441465086
489193870
1145561415
891444979
162928019
2057044806
183905634
1980533717
118484412
1745684959
655938792
470223005
1411385477
1168402045
1255781688
629643774
1643882911
1960718564
713379220
2059029272
1007773189
367888400
1607658613
1626221499
899325145
172047836
448547420
134916492
218036639
676216659
1513997564
1659501725
1165410530
512075331
403463056
1328338549
421636490
587368691
1161388618
540120902
185570002
1817327410
1010343907
1596955479
838245807
118641947
79115605
334645070
2079360512
792494825
246190695
939650053
1160383226
1853849308
418387904
2059708371
2025897144
866935325
47141215
96450135
1543151984
1561138780
1755951860
561078866
2073214111
11931269
1889417415
347366953
599299960
903322385
887487855
784869962
573166148
1897831762
234341794
1411411955
2016473710
313457399
1746057026
1948350574
1105952225
1992247721
740516979
118851803
1698613381
1158904884
31076526
1577026878
2025840209
78217741
1673477013
1421508545
1639356521
1281945226
1982587412
1565086985
1293876495
1724521179
1912453938
1893176455
480359917
652458146
530562769
1053526065
402806260
764904563
317454372
271796322
1078361963
2063511398
72663248
36830540
1908275471
813180228
155682343
1459405205
1972085112
186758869
888948435
1850441673
264976610
414941800
1124466570
1904333132
1696887026
959570334
1321936469
843279873
536607866
1086906759
588972680
1016967783
1739364905
1119535450
2070493848
2142171166
1884440013
240464572
266483840
815318328
156492323
339147089
852148868
2064767794
1152327317
1007831211
1376689351
976928781
1194590080
118154138
679886806
1459566691
533095939
1804353376
1216416175
82499317
616440063
390868996
925779191
1153047929
1477775755
1514751871
22532064
1069657013
486803673
2093025912
1064344531
223760039
186006836
1330828371
1039078367
342499159
1669975460
1891227236
259783306
674819129
751574799
1636472657
1651747910
1946164880
1754626796
184151068
1258247923
140239087
1988504445
327180450
222738404
457460860
718049446
1148517595
1610508789
48341553
515785819
1633040853
1117998566
1002589492
1578583117
34859449
1226349531
1764589953
1365687821
117944251
2107089113
888179633
2009171487
219388771
1562998763
613262638
1855861428
1067263025
411943870
1463004576
1251414094
1670191793
1603243663
1092434891
1997372243
1825982068
1549895751
567938041
827016015
1012920892
616279595
1342801834
498478097
1734278161
197907679
2077061214
1769137611
1424257210
1694167519
987341784
1542201461
1653772984
1875521417
1403889300
1873161755
1291036532
2017151939
1581539536
210815910
281612161
897060464
1462230004
1951803955
352820480
407181247
1801692550
31318900
1957076998
222146944
858334915
822514242
838426539
53653102
1320992339
425221052
251560781
1250569905
46875015
1675817991
797253776
1034216799
1070535805
303543113
762254569
326941457
29221220
2053291101
196609748
1610760756
116623363
478221910
360337573
1578853367
282542217
713158053
1986034614
2084234767
744476953
1795627964
158898063
1602811868
470658558
997324602
1656464970
1791650897
1422545655
1908025751
894737154
1469420670
1436360095
1691990931
356153822
359412252
1995534044
1118408391
686353709
2024755264
1024215844
882963458
1488032373
1140839208
1361185368
1848369946
572208927
1643727585
414044351
410759894
1580478704
1158521304
58904210
1739376768
613849524
529562769
589217722
122830847
173730018
2011763377
2030856598
1068467173
1333700400
1319733045
612974456
1689854222
1679145297
461024852
660778965
218015359
338296468
1684994809
1100978817
1826328841
678350369
314680537
1527215139
1250559297
1958408122
1941259490
1661319191
1391403178
952297146
1720223401
983296298
1566146671
102302522
1572514021
1688977518
276032541
1436793750
1572350468
1344499714
623010502
744599866
1957474170
165381076
276261515
271015374
826160041
494276874
609311842
363671203
1595255691
288157036
1042021572
1909936228
1815372175
145097221
1720860702
1609148018
1806416412
964780233
413961516
1379156166
1948076531
1980108187
1481458688
1373106904
1521602057
1757491229
662417007
946468878
954507295
1285427509
1691068744
764497817
1450808586
1967330259
1035513191
129484979
314123486
1644825034
493156182
1909379177
1932982070
1535177755
1671831758
1600870597
1680274976
1245208812
1062534967
1339207741
62505397
1476496484
570880259
2010581929
1309121023
2052338947
1236205185
683239433
1662346529
1898622192
1629708311
469370176
1036566054
1173293407
1233867994
339890992
993140018
121897537
469375971
1307263504
1766722571
962532154
1069159034
1552220993
350226261
593507144
1005607943
2030501237
1838715956
2068142910
1222225330
1901221354
1397155746
1793105589
1764319635
558793122
1697960889
853041172
1242032555
1212823770
604179717
724257218
1682193946
1640745771
1897550625
768578292
1980636763
743206995
890475830
302529086
2050470500
509714753
1265061240
972145886
2061935747
1615287501
1565653030
920060042
1498305091
1256885338
840719304
573046773
1010623044
90391403
218668715
627459031
649184525
1916629604
1480500204
1891217080
981969726
2084679921
467990650
516680024
1577942044
218057627
1285258317
1411095159
961264622
28250499
1713624245
864251474
537965252
831201838
1836397360
452417351
299005691
1254566742
1372477393
1797310782
363968433
65713050
222873908
1374591477
156104453
441542623
2002050509
805288978
210688579
1335067065
549022410
1192658305
1272263338
1017013060
1709338329
702721734
1235070687
847112998
2113816893
48851661
875363497
1679957490
913103136
1413328750
363675680
602016848
1865746101
662681372
1856583591
1090739847
312508506
73068376
1156452897
535382414
1447659853
1312557350
976925037
1302226714
2117846328
1187613616
489810131
519385090
232788273
1762073469
1536398150
1942126603
317311555
623985189
641755953
283644800
672836850
1517119451
1963602291
1585939986
782964553
179794323
40473187
501227006
842475695
1897056778
1591966853
1154984202
1970125154
600936102
1690366616
1270301359
1913493452
519808006
425044426
1883856132
1707421622
914854557
255757574
1940209896
529444379
1792155724
1734852851
846755934
268657265
229125156
1130400735
941494116
1746244607
946519378
379950454
381725512
1126313701
420423641
882952519
1968789397
169996771
327435724
976289951
2140121925
928371827
519172919
1262939637
694381631
1038980925
1687984063
430754116
598918900
455354972
686511690
391645148
984799351
331183767
2126497999
1831555286
599841032
208139507
814472373
1541335148
1954384115
1760991751
1921285603
188625979
739821804
194225596
1071578498
561127553
364222368
1399014223
1537417504
356860645
179902402
2056590424
1619800282
874284033
948087701
1160300697
1305038149
1547006601
1615655670
1991549840
1938651749
452971373
175249959
1917666100
137043011
775090991
2125805608
951515384
168942492
1932706075
565023487
2090228095
2121332054
1304845292
136970043
1045426905
1865972845
501192411
296957480
1255906702
858053057
476859882
1165013478
330369691
1351143915
2113101179
1490670389
508698417
1512624133
958842411
352764609
1303792234
1411813784
528014568
1073974687
1548856796
1303105559
1052296647
352888532
1472048051
837519074
917912020
1414792498
811367480
75273664
1551762542
1856794385
1941246509
2052954953
6268217
1049669563
763524362
483128099
67199393
1093894054
1834272015
32816925
437080795
195486784
1545441058
1395923206
548251393
701749644
660253342
1076265961
1775724331
61626490
231887872
680537330
414515023
1703935924
1518056404
1332427043
971244774
181940237
1407700707
375523668
2038734622
1201463568
280994974
2045002840
103649484
1044519336
380647291
170848877
2138413390
67435658
203665802
428010537
262922442
1749106860
1823933743
811173835
303372857
336703438
1887439796
2079097188
398329928
2119327669
612150871
812844951
1675779945
2130207275
2145271994
499541071
164663864
1405489053
875064740
55914839
459468974
1156059714
2100917679
563118458
53095402
334081322
733967335
44025145
401516981
937633138
472035682
664439423
539256350
148485778
1475613259
842629207
485189216
1215569407
774242748
883519144
1187413428
1386393619
1696364096
715709725
1369117246
1694152442
1215250797
1533781111
952157848
2090315537
1589695950
1411626822
1098891603
1543129981
1974745280
1151987005
1877211303
561228967
1196012150
131244636
1498862105
1668047833
795684060
2038118456
1816533611
123813671
733264015
154239179
1339383078
1507506763
1037758323
379312859
746416734
586638771
1095022584
2115533981
133307566
162789733
1501831444
1085465414
105621622
944043746
349608588
1204513225
339690079
176870220
209016583
69417734
738099187
1405028733
200662371
89477645
925592918
996346431
2127596101
594642881
1120160102
713376468
748882060
312059532
73399584
1786640384
691372391
819816318
225795507
1786394976
787866651
359103073
1949184709
142214447
1444568487
2054806332
1086258193
1794177075
1111835909
1425948272
1971047295
1320852492
1495366007
561662835
578397578
1696028378
651140480
1503990496
544891161
631252933
2098633378
1665051263
1344629401
700031790
1977110795
1418028985
339188526
520999539
90361656
564984034
159910867
878228307
924087107
2109095576
1020442755
221171947
2016418260
2106700948
2015349022
980770522
1385165573
1838912670
154139366
733047932
253091857
732536944
281592662
904232337
89043793
826483823
1535485270
40193523
344051438
732631023
740225313
173678585
3176361
1079413840
694678124
93538017
1644397874
854588991
971766324
421001333
816200920
1992209079
642173280
685135532
1951426380
510038655
1665906054
1189108305
201467677
1820045421
1922156237
454559534
405098717
56265251
1358791871
494142510
882749074
746793493
534336033
1226800512
1479424516
1274561347
1400479097
1482600877
206491539
2095157222
1576138894
1850889413
802262565
400421571
124407098
1618463485
245147002
766580379
156115370
49089734
1276619034
1822021424
1238198039
1478086711
1494583197
1012870628
1932646245
1899681915
1069135879
1143954468
246340777
1951884953
1890747961
780676811
1031201817
1222688829
2055238158
284197267
557806059
114246049
231870841
2133944953
1965135462
1034133406
386882876
2089542560
505113244
632029879
708639291
661228614
681119613
1985258325
335766390
1919317653
1315861388
1830349588
784704633
1101023985
1582547855
1853840513
97494805
1828888632
1658241818
1988242766
462081795
541959988
1063447948
369836305
826157255
1621254007
484082354
1058028096
1607715312
301734168
2092161502
1994598189
243793081
449791098
479144420
952432372
1111019712
1160264033
790207050
1446786103
932098038
2106068438
1129652043
1716802672
1059608776
564716250
1423159537
1157103581
246121234
933917707
997862700
708203030
1475877695
2061310648
1078039335
154551302
1535081007
1562121690
1212579398
995312671
1863855858
1157257253
842427212
2107648939
1607048351
1321571632
912597664
570584416
334352018
1702804714
2017370519
1266450056
1661389504
999538914
835769080
573514632
1564255164
111444969
1730618214
1810376398
1045362677
580997266
371095780
373756724
494824266
1449135116
528308027
2029905273
863773158
1740887425
877734296
580145368
750661030
1720161509
540310660
210225734
894249493
1452908324
780810150
1228601511
1008229390
650697021
347567920
522135246
1650235935
1183337000
1095649879
1067007451
1294781970
678784445
729900201
192660999
1259781711
1100995982
566417723
1754605977
402647450
1094725750
1637027602
1266420608
688129528
367278250
1846565976
1438790558
2087439759
239392988
1649016292
834205605
1692301312
282342794
2062807116
553047054
933039815
262891388
1075182301
435792102
1446228389
23348532
1502799553
593526711
702132977
85216107
786187710
1961914688
1186212089
1352605433
1569037017
1588859539
299847536
1058580971
707796499
987977064
1425859221
406878827
279283974
1365815333
646271816
1928300267
52537290
191089480
63159413
2115344406
744136535
996199229
230752147
1819318836
1431991331
1676980536
1842667368
787307237
123023599
397316697
872523344
909211309
211747737
2058735433
114333094
1780784754
1500111324
414180630
691882077
60424175
1402157694
2117741298
467303002
1681441669
1336072983
1113574818
1462258288
1388610273
1304664299
1525417701
1356471032
2048800834
374133282
1587223179
1720636022
1806124614
1116720067
1415819742
445948203
1239743666
1813136439
1318471547
1471327
2024884176
1229723332
115804421
1658185282
582351008
529985052
202583711
642775183
1932142746
172841361
1110078185
1466100767
1508914345
76169356
780875407
750040970
1380833655
158809461
2106512002
1282150841
532942743
1546251533
855303215
191583709
515487952
123639309
637531912
1755231618
1936775748
1956003459
1756702945
1814176276
1038243143
1872507367
1324877910
1620594151
255008771
1527461621
115885686
39667869
1700302982
1225963872
1505768637
1061733679
1302133228
139160396
1811774650
535483235
297969857
1770803004
1817634076
830912601
1169570890
525453643
1022496310
1685058842
649092952
1660028223
1292806813
438385052
1468548034
902026110
105077680
359307530
627049829
1429955590
1979901681
882058600
809933563
2095787368
921726470
362752897
1174267592
280011459
1424486577
328917172
419171855
1088777579
864400407
717141713
712096935
534550835
1548054314
1881667825
1060004478
423066976
1419243020
1709097430
2083095199
564566185
2147482482
1404159586
1466592295
105076514
1763467116
2093642125
1535032104
1595885149
828217077
197482019
1544188869
1749943547
560234916
570972813
2029955006
1984721493
899889985
301643214
926015424
1764290392
1018784927
1638112360
151357579
419355593
1372296537
1211362057
842422569
644055909
772975839
778034121
1208622094
772974673
34710059
527730742
878051187
1798177175
473889219
265599643
1246578676
1302106296
463081662
643283898
904566196
1023316579
1214256711
787037554
860554424
2114146697
1088680768
1786569849
1730953441
2107465695
1277198561
1882311021
379337640
502011450
946189430
1221760210
1146067360
1719165270
1999794331
207205806
344656295
2034504390
734936548
1222707483
1685197917
1208825767
1488307126
784292945
363448416
1951388789
1427576843
1268014612
827221720
494349907
2055052166
1687776144
461012956
996249287
1326862345
44482749
956231334
456577258
1926793770
1335568975
958588709
725499553
409845537
2104656069
297181175
262156220
164378227
641837470
149176962
899314776
1864544953
1834374879
2108140543
1205368432
471184176
324105311
1009273573
1898761020
1592119923
1836495293
245627279
1499688442
1376787789
706640235
