199494421
1978075298
1086516193
46849006
1961391419
1618719423
845345884
366822587
518487838
1942929428
1336213373
375223159
1407449943
1945018099
33145754
785864255
1157535417
1685337041
1747857223
973174459
34082403
1324752975
1007774011
2073456251
225985196
1993421275
1097932714
28160773
187241217
773815130
1836441427
386735638
604406780
775473972
433584645
418314551
246709747
1278930529
785137138
765197585
1074376309
2121350511
1140420744
334342604
1918884962
1173566498
1120206860
928936731
711419891
720580435
1902111190
745502294
2045333410
762401553
671474897
123834958
608339180
1769407612
151995732
795580397
395739094
1988437159
1182316036
1000145874
616427483
1615900681
1418460425
863137230
747347562
56113915
1628334815
1821723871
29980778
621271911
8582828
1948865741
1794838410
1128789688
730318824
358774653
1849370123
484946367
1104276948
1747219885
1247347920
1775751845
1871054844
1855687101
1397675809
2023050576
503783850
1793414903
1864004087
1686099886
646077129
332947922
1154516919
2064537554
1196085152
1901864481
2120651469
676936319
1576104705
3148600
1298208230
1584687533
1952014341
945562992
565993573
534849517
1304337646
267880048
1019795884
261130946
2015099933
119660157
2036882791
1738671129
1975347258
1287074953
1614238057
331647460
933006208
1330758496
2017747347
1579083338
1663706418
1024780618
1496137244
712307922
779161452
1469305066
1389244241
207782509
1472453666
539968824
1792470042
1276984359
1485531816
210979967
1811833876
642385814
478860015
684146113
903516760
346476300
803806270
792915904
2085147430
631669880
2079990857
1551901839
963317340
865513417
735176688
833581039
297113107
251399458
1858361658
1793250352
963707381
490039462
1115071770
205467974
697821971
440041788
745436798
342808365
1717026147
83484967
553788332
1381376375
725870781
1032648347
2065522488
1629387542
1379124647
721845110
274819798
1316788429
1353514990
207327007
721206621
169348683
1072840424
1456383309
1002929722
1369953532
1707782767
713807732
1015720236
524006500
1203847194
2130792006
729474475
1901669165
423350146
1474911273
96993882
2140376293
1558396240
650782214
1374269020
136783374
1683430561
1292307861
1766170916
915071561
2014152971
2040990714
84376342
1220184314
100834073
805582963
1389532997
1173674497
114482624
244979071
396144381
1822265392
958786804
1411864617
198788244
15150350
1395172975
928262719
1916819516
1818523121
255690345
2013813398
1811415766
1814086585
517111965
1038201139
1950869959
53058878
183025352
1569557227
968130439
49694675
1463064293
1052506782
1269878989
1563898366
1858089745
511928338
590089216
1972572370
756907410
986233597
1647354114
1715694214
250614567
1846142358
1730844564
1645787542
