6854815
7474966
11201640
12189001
15992928
19312359
42344748
51602858
52045187
52607307
53215952
54501977
58272007
63638309
77733647
81544511
82992781
84830631
87770532
91099883
93728960
99790776
102344693
104196653
111533540
116168433
126138288
130476552
134192307
134711909
139362167
145126003
149121306
152741105
152967895
159499883
160029386
160326061
161271624
164140847
165745017
166281175
166593379
172404447
173006491
187758828
196024466
204197695
210296915
216437198
217131506
223736800
227186921
231034795
256090587
271682144
276722650
276776237
277130359
282787242
285418050
292828235
293538259
299937324
305635188
311179639
311220841
318328742
327007357
330546264
333607348
343623762
345037525
350263624
352601024
353426877
354123701
358746751
359450082
366089553
366206193
376352308
380233043
394002995
400876115
409189856
412996679
413091733
418091907
424391932
428397495
432999205
455322865
456705485
462197774
464533430
465881327
467844790
470759563
473653580
476680031
478579035
485823377
487812180
493394016
495427743
501133082
508994092
516995583
518569731
522169376
523240577
527014404
531214068
531988659
532819657
533869219
534703979
538249996
544058596
546304859
547875343
549214712
558825606
560848654
564512634
571021252
576701635
579943094
581126504
582598493
583338178
594389186
595459102
596435722
596569278
601162953
611391941
612905537
618114947
622313951
623388649
626921430
630350319
638608422
641389552
648244368
648869889
649046283
654153615
656520286
660186126
660800273
674991507
682388994
686693678
687290370
690639221
696752457
702612737
707318290
708543210
711906260
716342069
719985665
722936263
725564574
729228471
731336153
744840629
744957485
755869338
757327818
760673025
763813608
764460463
776547740
776665954
780236173
786484454
790010441
791450981
799097150
799782825
803029916
804188476
807923889
808658628
813335106
821016171
827839460
836805045
841791221
844416433
845399885
847801986
850962214
860386043
868511680
872121144
879222964
879384859
882611775
903482428
914089675
914746847
914748727
918996371
927466864
934782003
940267607
941081697
944007893
945179936
948605712
957707612
959111644
959126536
970741494
973536751
980759134
981529013
996248361
1015302106
1026339359
1028401607
1029483848
1029707310
1031705427
1034655573
1035987533
1046993022
1047131923
1055278727
1060935089
1064122374
1085192205
1090039674
1090203004
1095512061
1099506894
1100017068
1100929814
1113413882
1114209555
1121546793
1124784976
1136742369
1137888146
1142150305
1143418956
1147179658
1148738258
1150054692
1150992220
1152818881
1163169976
1170980026
1173361414
1174034523
1179773900
1182113587
1200297256
1200598607
1205525085
1210524628
1216312382
1217848484
1229627339
1237738897
1237933310
1244242831
1244255012
1244632897
1257854479
1258657130
1259617903
1263249044
1263664021
1264746832
1265690368
1266610448
1277274358
1277822622
1280214313
1305808977
1312833980
1316827016
1329382024
1330021207
1330850254
1332741796
1334907843
1339509111
1344940112
1345529419
1348770323
1349451100
1351024292
1353460901
1366510183
1367586280
1371551582
1374075642
1377632290
1386264643
1389127222
1390706817
1399138989
1404483448
1404815292
1413512836
1418055506
1422892715
1424238098
1425587564
1429490633
1429770743
1436863648
1437893498
1442662170
1443159709
1451543410
1471896827
1480594371
1482510105
1488861725
1490238873
1493522872
1494698816
1496442643
1500180432
1502433794
1506772742
1507723346
1516201188
1516596853
1517852913
1520210702
1520440697
1532377211
1537045406
1553404282
1554036652
1556787303
1568900763
1569884847
1571250189
1578555460
1581762530
1583708798
1584984519
1589053953
1590519006
1595570980
1596951832
1597734958
1606797444
1610760577
1613383594
1614443617
1617653343
1620212719
1621053066
1628552092
1637647116
1639424480
1648155976
1649765758
1650729952
1651187774
1653827428
1654242970
1655983890
1659099368
1662489127
1672449615
1677352797
1677422802
1679005789
1679945369
1683851028
1684707077
1686918934
1689786511
1690680792
1695631786
1708065393
1712353625
1715663087
1717005895
1717113365
1731655340
1735371940
1735756300
1742681428
1743388109
1746638259
1749125366
1753005194
1753400428
1756222241
1758140848
1764324409
1765554578
1766321643
1767440780
1769350234
1770729841
1771690304
1773201465
1781311839
1785994772
1794482873
1804093188
1809834600
1810186036
1819307536
1819761560
1820337390
1821338737
1821851038
1828843984
1831346910
1831661539
1833828384
1837797574
1838004815
1841831929
1846431356
1849827331
1855957847
1860896443
1863085240
1863922670
1870560206
1871950776
1875107196
1882571440
1883622148
1886003981
1888701812
1897076875
1904864863
1909274807
1913253657
1914319980
1914435886
1919188588
1919966696
1921203590
1922158251
1929197626
1933207381
1936681026
1941808289
1954199039
1955921214
1962416233
1962966279
1963878052
1965369203
1966366438
1978869222
1979394890
1982554166
1985678797
1987850318
1991035052
2000974018
2003614616
2007431456
2008068620
2008914750
2010109767
2014271450
2018960273
2028200175
2028660936
2033432927
2033902934
2035770119
2039025719
2039592399
2043245085
2045104574
2050892944
2053591801
2055475996
2058269127
2058996864
2066299874
2070807896
2074154947
2075279103
2088895524
2089336697
2090831829
2092238702
2096434425
2096847707
2102131510
2112552824
2117740357
2118915539
2119748520
2123154006
2125002533
2129497393
2138786104
2140140846
2143234124

MergeSort comparisons: 6463