384274
1655026
5478833
6683620
10373674
11199649
11546590
13397894
15208845
16539371
20263640
21740157
24572437
26525042
30328691
30858949
33875211
35770617
35818749
41824484
42322133
42923182
45060642
49775963
50538245
51090683
51415721
51598449
52038901
52482062
53524732
53578179
55685120
55840917
56030296
59076152
59326393
60183986
62332913
65400380
69203962
71042456
72337399
75754044
77074605
79928414
84337075
87598914
88783706
91579050
91778568
95930818
96659091
96791415
101604627
106909392
111558215
111626787
112228022
113320811
113364589
114302470
125190110
126081478
126150150
127086659
129624405
133710829
134558483
136704650
143467303
145084006
146913698
148533777
150819871
157553562
158673637
159051859
160240661
161968900
164214895
164726007
166016858
166392561
168206002
173030967
173069616
173321088
174725576
178888722
180786937
182246518
182713263
182845291
186460145
192016926
192891578
197121361
199841973
202119635
203138787
208801584
209621909
210477097
210484386
211625511
212719093
213425249
221586075
221952784
227250531
234396899
236445342
239148944
240218665
241014428
241461258
241697524
244075086
245866916
246345207
246975971
250680603
251474029
256508431
257229040
259312400
263777268
264161542
265374274
265518412
265860708
266397901
273214017
274557629
275060803
275413520
281539365
282391564
283327987
285860818
285933656
288786293
293462718
295488283
301602253
302629297
303162665
303456547
306265527
307863796
308864568
310602114
315025262
315330599
315550754
318229070
321779003
321868406
324743875
326749670
327800688
333552802
333814097
338534148
345013210
345790529
346614495
353165188
354344462
361411509
362937319
363501370
366496427
369139586
371057026
376372463
376482687
376563358
378121335
380205343
380597896
382557712
387118552
390395545
392547483
392958278
393135252
394970271
395133062
396235692
396390459
396812530
402913059
404247380
404401238
412236702
414720880
415396702
416200036
421097938
423484187
424577169
426618389
426709823
427682201
439009475
442510600
443041131
446123030
446221945
447838445
447840426
448852974
450145864
451246404
452831454
454066315
456968257
458278073
460709538
462031788
462916987
464545614
467675015
472264661
472370866
472615430
473359272
473486919
476945584
481498639
481740097
483812083
486929495
486951013
492755434
493045229
493648432
494526643
494925874
495200752
496932871
497431583
498844332
501490821
503664813
509963730
511997237
512225308
515067957
516060616
516156283
516866141
523062143
523904179
524208943
524227500
525825739
529323182
530525687
530993519
531921951
532395660
533674014
536878977
537744778
542193168
543085509
543628137
545037665
545392241
545986946
546421625
547054689
547226376
548184597
558366624
562250642
565417642
568827097
578634979
580047316
581091403
582819359
583059837
584052911
584698312
587586752
588409771
589245699
590856693
591609646
599543645
602191914
605273251
607891232
610837110
611719345
614256939
615452700
619890387
620130557
624441975
634199078
634433954
634915534
635384848
638495608
639736002
640150635
640274706
642062096
642708303
643639747
645889147
646574828
649702019
651187676
654513292
654914434
659351535
659999111
660815791
662044267
663156598
668561870
670840764
671362288
672485305
672685860
672867802
674327788
675191506
677487464
682096891
684418422
687222992
688532550
691538943
699833665
701061627
706455067
707031750
710743234
711609278
712843692
712937512
716011909
717514579
719315920
719402855
721648049
723178564
728005102
730358085
733285432
733637689
734041586
745359776
749289614
751031024
755922453
756048853
756566261
767192770
769673902
770400705
772589223
773154570
776006698
776382897
779032905
780128458
789600600
789739679
791987516
798088914
800981710
805379088
812356467
815213379
815347029
816987346
822873666
825274833
826011377
827494918
831241276
831339220
831949079
832220390
832421151
834417808
835141763
835876268
837176339
839357197
840334257
840390119
842831204
843256855
843514883
847470569
847940159
847949110
849222589
851674338
855198569
857059214
857224936
857770425
859846825
860578797
861550242
861913711
862311139
862970849
863929507
866156591
867962125
875612892
878978450
879782585
882072604
890545546
893643748
897612232
898886291
908547983
913600119
914026817
915470440
915570789
916381226
916587601
918131544
920242472
921021473
921303760
922541643
923033165
923458728
925303762
925888294
926701816
927793687
927922914
927991676
929173826
929567384
929583687
930238606
935058557
935675136
939087349
946135373
947406834
947875517
953376958
953754088
953823281
954684680
956789714
959232674
959575897
960948748
968669789
968691110
969095522
971796024
974673203
975374730
977839024
978820945
979450296
980814006
984588549
988542181
989357812
993280788
994729901
995051423
995777204
1002970733
1005975338
1007339048
1009568998
1012551227
1017806515
1025570318
1026459789
1026526034
1028394446
1028784799
1033379922
1039364667
1039810123
1040054407
1043542331
1044041504
1050014913
1061140036
1064969517
1065776811
1069459716
1070169120
1072844205
1073303377
1073837540
1076395799
1081117664
1081611280
1082108367
1083545924
1084334776
1084649320
1087447986
1088565231
1089183297
1090782918
1091421826
1091697544
1093795655
1095164590
1099347131
1104964183
1106761200
1112451173
1116948372
1118545426
1123068252
1125222769
1125771088
1126066256
1127633555
1128722484
1128848636
1129177430
1132242755
1132347118
1132550577
1137641577
1139739957
1140723561
1141084959
1142295054
1144652669
1145143120
1147994291
1149253724
1150860766
1151206868
1152547498
1154907951
1156379904
1156810762
1157020323
1157195037
1159871555
1161030943
1167722285
1167821671
1171180911
1172360551
1173793863
1176936307
1177775001
1186124786
1186696331
1190040499
1190772232
1192230849
1196267510
1198250972
1200685470
1200757858
1203887298
1204192759
1204526460
1204588699
1208232833
1209785284
1214757595
1214810502
1219748267
1223741780
1224434314
1226983340
1235045004
1237794782
1238866191
1243463199
1245239352
1247154268
1251557243
1252276847
1253573597
1256347576
1265788069
1267242767
1268288554
1268660763
1270901505
1274340982
1277482959
1278511175
1279162493
1283287156
1283572504
1283691079
1289948776
1290145743
1292926601
1294906282
1295291216
1296292228
1297446077
1300017142
1300877733
1301856151
1312204328
1314728630
1314922072
1315880479
1317140054
1317253327
1318064517
1321983903
1322662563
1324585516
1325796034
1327047801
1328790196
1330945573
1331375054
1331447860
1331613120
1334044277
1334245839
1336226056
1340495510
1341629096
1345695131
1351365468
1351681686
1352794532
1353301640
1354503510
1365149994
1365770276
1365990791
1366012756
1367277515
1369333903
1372177859
1373105625
1375929096
1385182083
1388300565
1391415758
1394203591
1394787722
1395715943
1399783263
1401433634
1402535252
1407601486
1408190712
1410791538
1414670466
1418227702
1420523601
1420990911
1421356579
1421554539
1422172577
1423179120
1423775468
1426201827
1426767247
1429765762
1433046576
1433510871
1436890311
1437887614
1440697091
1442916840
1444600533
1444862732
1446175924
1451718766
1454419559
1455147965
1455766529
1456149501
1456723348
1457808992
1459163908
1461618315
1462096812
1463635819
1465617121
1467687959
1470776903
1472104787
1472431930
1474300631
1477152800
1478516195
1478888730
1481657660
1482009983
1484800923
1489223935
1489544151
1492239097
1492420262
1494049601
1494058565
1494223766
1497770189
1499295991
1500808777
1501328309
1503267181
1503953483
1506637811
1508685628
1510020586
1512779165
1515173593
1517287398
1518085723
1519149801
1522135708
1522711972
1522878164
1530487179
1531289283
1532466909
1533374120
1537348801
1546321709
1549260599
1550944210
1551210974
1552396963
1553895470
1554404177
1554454965
1554906145
1557225631
1559390885
1567750345
1568794207
1569188083
1571133170
1574666741
1575169785
1575259713
1580132850
1583118988
1584126090
1588180975
1590948852
1591176672
1597342160
1600137979
1600156400
1607917559
1608936100
1611208702
1611675487
1612534568
1614152728
1619312515
1620529753
1621670385
1624947715
1627146270
1627552482
1628728217
1629336067
1634270187
1636904677
1637461109
1642097764
1644592703
1644731418
1647202518
1651661845
1652173130
1656718752
1658111515
1658166749
1658736286
1660380634
1666191629
1667117544
1667216255
1669987533
1670842333
1676946078
1685196378
1686758950
1687209465
1687515278
1691941444
1692252943
1700861432
1703125472
1705180524
1706148812
1713215153
1714375445
1714454976
1715475656
1722373588
1725260166
1725744073
1725816800
1726293454
1732869795
1735304458
1735991400
1736428968
1739956677
1741553856
1742810410
1745775709
1747737390
1749567520
1753980489
1754976169
1755259586
1755391567
1758099805
1758304389
1758310840
1759745795
1760496221
1762145206
1765570691
1766787058
1768479392
1774566318
1777225560
1777876114
1778213030
1778376155
1782859524
1785079030
1785140450
1786717417
1788554916
1789523891
1790131135
1791132372
1793736932
1795349726
1796397103
1797361273
1798863413
1800771401
1803920905
1805561518
1805876155
1806989899
1807952646
1810604526
1811351836
1813715406
1813940723
1818449699
1818537222
1820369902
1827503337
1827570450
1827681890
1828002212
1830971071
1836364425
1839733601
1844266249
1846440409
1846940578
1847543452
1850329926
1854709197
1855198762
1855674431
1858847890
1859857539
1865213708
1867108274
1867293586
1867345270
1867999662
1877213690
1877910353
1879797717
1880207535
1886194007
1891626789
1895927796
1897790981
1898740900
1900197338
1900783792
1902398819
1902722508
1902755598
1903578522
1911262010
1918708378
1920310710
1921035566
1921652147
1923311683
1924062498
1924840664
1925360314
1928213463
1933595473
1937387995
1937463857
1939104040
1941548382
1945903136
1950303690
1950858230
1951808370
1957171789
1957219166
1959279356
1960797715
1964442089
1965938626
1966879030
1968959811
1969689571
1972086849
1972203440
1975350584
1978034772
1979252924
1982474933
1984047205
1987703384
1988408446
1990566487
1990628015
1993213416
1993729836
2003229356
2004265884
2004555031
2006693362
2008485322
2008521280
2009837348
2013314386
2013918463
2016537747
2016549227
2016812457
2017058068
2025120069
2027739387
2029818090
2030786644
2031375109
2033297354
2034536353
2035084946
2035328750
2037798888
2038216261
2040257340
2040504865
2041455457
2043173870
2048991067
2049163568
2049656149
2051695937
2052237271
2054564801
2055266195
2059901188
2061967349
2067231604
2068264779
2069112649
2077816310
2079481952
2080303961
2085947289
2086089522
2088903762
2090071330
2093094852
2095581986
2096463196
2099663918
2100992879
2102384531
2102741358
2106043438
2106736553
2106931075
2108144091
2111879924
2112435281
2112582565
2112842265
2112911655
2114513267
2123672724
2128607429
2129434449
2135253384
2139352669

QuickSort comparisons: 24978
QuickSort swaps: 6445