1946682
2639163
5018520
5258036
5852446
5872316
7896165
8701725
10024986
10463039
10589716
10736002
11096034
11286471
13755860
14447018
14681218
15167043
16307482
17080728
17678316
18784873
18897625
19604475
21104940
21544473
23124487
23643436
23779216
24627185
25306982
25763651
26414890
26439961
29004954
29488930
30275581
30615861
31439637
33248281
33507749
34546939
34979328
38653876
39069452
39647986
40493020
40500847
44498088
44633019
44861690
45342131
46895523
47258574
47996250
48281328
50203095
50863521
52199025
52495809
52920596
53156708
54521162
55417354
61873050
62581873
62768055
63517206
63983610
64210299
64304025
65358704
65952656
66087947
66367084
66647704
66760168
67392781
68718074
68902263
70425047
71346212
72418278
72438353
75309389
76072093
76072656
76449790
76900582
77221436
78720847
78742136
81285282
81699138
81845842
85488273
85796861
85859137
87195208
87255794
92649733
93169508
93655955
93961246
97135102
97205602
97448632
98808792
99754383
100823267
103347564
104598099
105286966
105563604
105976781
106661475
108333817
109408064
110412729
110961190
111204493
111725444
112130405
113832664
113892287
114516980
115765408
116647279
116842758
117511182
117627510
119015294
120085727
120505036
122905251
124643391
125795587
125812192
127503648
128916313
130875413
131260843
131791508
133493166
133729929
134508816
136541833
137030557
137485414
139701360
141354381
142743905
143571058
143803342
143834680
148787215
149316417
149321572
150552275
152124185
154268335
154478977
154518398
156272949
160685153
162391767
162580209
165508995
166898228
169362880
169371603
169965071
170246396
172352328
173262101
174326205
174843696
174930574
175678831
176289074
176918763
177488097
177713770
182038777
182276851
183306299
183935731
185134259
186032366
186178349
187974304
188432749
189880541
190162534
191904682
193403206
194818630
195640042
197871180
199509147
199519513
200942553
201727472
201731502
201838343
203655927
205020955
205021571
205489557
206507487
208162848
210053309
210814358
211430248
215402586
216613287
216973843
219223924
225662974
227805717
228016249
228983159
230656290
231612103
232333599
232387925
234159422
234870103
235000608
235528598
236205248
236255866
237395524
239267260
239526861
239959700
240198680
240789196
241444261
241915219
244494793
244526271
245747629
246303694
248686481
249261612
249554694
249903006
250210594
250644889
251006619
251158494
251431540
251709355
253555003
254230116
257263387
258741012
262913217
263304464
263486871
263664224
264368579
264401765
265621797
265982401
268274733
269555061
270204470
274174781
274849067
275265985
275433090
275480812
275680791
275940398
277527911
278076017
279939645
280704245
281792755
282139943
282292766
282926499
283268570
284038628
287931649
288300287
290033431
291844227
292351626
293884382
295104946
295497460
297582370
300710073
301499989
302778090
303000807
303058122
304043228
304775604
305130383
305793108
309191166
309363281
310734258
310799421
311291192
311577905
312427627
313369027
313928624
314044940
315706455
315803615
315882096
316792580
317268566
317909451
317935365
318221268
319835102
320033870
320966399
321083259
321608456
321954052
323063167
323366575
323782884
324783352
326674856
327763050
329057758
332406848
332777313
335011393
335558712
338106986
339423691
340480513
340931186
342126295
343233030
343504813
346296106
347509402
347885386
348121302
351605552
352440569
353403895
353601305
354646052
354724085
358287091
359543028
359620027
360312504
361696162
362498422
362668259
362922665
364945768
366249486
366321128
368471867
369249756
369455703
370778513
371244183
371830498
372915180
373689630
375577238
375892569
379871498
380287606
380415341
380663155
380852550
382022223
382078599
382670859
383097920
383136266
385193807
385723460
386578855
387724444
388263776
389531501
389833899
392191542
392254131
393013238
393773370
395144491
395611432
395840665
398820478
399833273
399858885
400498545
400767742
401515646
401829544
403531652
403904369
404568433
404979963
407245341
407636274
408621921
410427511
410477941
413649350
414207236
416726283
416746530
418137204
419424782
421259086
422524709
426524925
426821769
427116064
427872008
429055447
429974546
430822514
431047885
431079985
431191589
431917120
432582753
433285791
433806818
434250526
434480694
434509755
437601273
437864239
438209655
439313771
439947806
440508764
441932237
443642692
445043671
446252975
447538106
451530354
451943584
452269678
454856223
456013855
456453112
457041044
458998439
463020351
463929090
465825547
466482207
467201256
470428404
471228815
473090584
473425411
477659321
477736350
479137416
479930540
480022580
480129115
480351105
480886234
483110858
483411620
483689486
487529556
487996568
488441005
490184230
494507226
495350177
495584538
497973650
498329469
498740090
501454296
501524666
501588175
502202942
502584195
504076450
505953909
508444746
508739496
508820813
510983300
511652418
514793414
515754851
516400823
516931655
518668815
518668904
519227974
521838525
523242223
526032939
528497415
528555837
530000312
530231837
531651039
531853581
532800269
533222530
535658096
536057824
537740575
537764543
538369288
539077593
539232180
539641004
540025365
540069506
541085990
541204828
542104172
542725440
543196675
545131912
546960142
547422573
548887920
549203656
551465160
551828112
552729710
553028077
553763585
555846472
556429787
556579485
556768458
559470189
560567156
560833129
560853380
560969116
561834891
563733377
565408513
566675101
567415178
569100678
569980419
571530669
572186127
575280148
575936506
577668553
578278170
581612819
583438488
585721395
586768081
587881633
592947687
596063881
597393213
598486151
598601017
598810289
599255000
599962121
601220300
601423990
602148625
604054642
604568742
605076630
605162223
606593835
606656635
611140052
611478290
612122800
612290041
613920511
614562338
615842743
617216598
617689583
618040370
619764531
620343946
620381851
622058917
622520351
622989173
624242814
624576381
626106828
626698265
626783691
626910021
627511794
627600756
627626844
628065356
629815944
629989218
630821172
631283835
632661152
635840406
636089373
636133517
636445669
636750867
637172648
637205946
637580960
637658254
637713783
638013880
638252761
638881365
639440451
639779748
639973131
641416995
642457194
643868942
643948932
644634669
646387538
646712518
646725225
648723592
649648447
651166667
651496771
653889600
654724973
654903884
655230504
655395591
656143889
656593308
659052441
663237499
664588249
664733472
666140347
666723605
667211897
667844686
667984056
668147025
668346991
668756077
669339596
669974494
671121853
673465976
675567760
675626571
681037712
681192082
681277696
682120343
684439720
684471560
684961947
686703797
687470474
691635596
691887557
692547831
694143058
694500229
697567591
698225789
698322125
699023165
699064753
699681152
700101568
700550792
701835276
702600574
702739484
702818261
703137986
704822192
705782729
705956478
706831004
706919330
707476836
708110959
708697906
709213574
710598162
711259906
711821374
711906685
713098828
714319433
715853423
715871756
716490759
717979310
718250033
719776668
720254164
720557949
720808375
721045214
722263960
723117919
723312430
724460993
729444353
729802846
730186907
731337355
731510059
733092979
733603625
733808840
735297750
736075677
737049164
737150692
737432235
737883673
737945956
739003187
739045310
739869488
741421972
741472137
742911235
742988293
743675402
745430152
746156758
746202233
746280762
749371637
753693315
754323894
754779861
754922211
755177699
755289055
758962251
760447512
761612936
761950097
762095240
762362729
762366205
763166735
764167743
765178387
769758989
770214410
770411659
771603349
772202652
772438403
775671518
776265110
777118491
777347788
778515019
778931189
779547199
780213221
780338298
781096126
782600665
784685523
784720897
784856803
785955885
786529229
787089636
787175459
787382273
789253823
789758196
790733812
790745683
791725820
791782110
792202018
792725001
793628919
795676014
796631280
800286573
801649800
805187415
805478205
805750334
806004688
809711820
809874568
810009259
811149710
812085158
813056062
813421312
814238964
814452059
816249691
816497845
816971403
818328158
818402221
819412728
820422351
821779099
824354253
824602107
825280623
827493932
827548474
827989400
828503219
829938433
830874076
833759846
834591481
834867020
834997900
836034410
836223909
836375690
836877666
837747003
838483289
841959225
842044024
843308542
844363863
848548862
849257138
849601575
849604464
850231634
850872647
851091559
852396459
852744189
853585786
853904959
854938290
855318873
855553719
858830207
859576720
860190038
861940584
862222895
864372859
865610169
866930471
873007499
873736241
875308050
876068768
879119630
879188341
882137458
884534634
884803089
886335689
888187873
888315148
888633983
888853967
890136415
893603819
894042148
894251835
895609931
897643787
897869235
898181216
899068460
901044176
901913532
902168817
905639535
905991956
906093099
907410416
907591491
907792348
909293945
912876530
914425751
914523606
918043723
919776688
922267992
923291834
923768859
924472670
925210050
925234713
925764542
926523166
928758935
931192515
931994998
932350576
933404854
933486572
935335127
937092090
938919689
939894633
940822305
942261211
942619995
942980069
943703423
944210492
944229584
944362853
944917862
945166004
949661987
951054902
951362047
951386714
953250641
954089630
954461269
955258732
957297684
957920727
957969816
958789231
959910571
960214041
960246629
963263976
963956364
964541930
965186112
965471954
967130701
967793668
968563089
969715928
970323387
971998562
973500164
974871708
975079203
975294581
976321007
976735708
978229501
979735100
984118440
985410882
988484843
990064688
991737089
992337514
993539557
994211615
995669923
996301745
998686983
999061753
999812317
1000051840
1000436974
1001240449
1001673758
1001782698
1002127487
1002833096
1003436208
1005674005
1005761579
1007751485
1008913289
1009021132
1009923288
1010724901
1011182117
1013425835
1013538548
1014180375
1014578316
1014786074
1017131737
1019824065
1021144758
1021561306
1022605087
1022985219
1027924242
1028963217
1029544003
1032024345
1032948233
1033572917
1038086510
1038785696
1041014102
1042624058
1042729828
1043573005
1043925211
1044001163
1044404750
1045156451
1046202881
1052102530
1053883184
1054734278
1055695320
1058700811
1059295940
1065106103
1067662054
1070359246
1070535113
1071723632
1074470290
1074658312
1075036887
1075074233
1075184244
1075510916
1075732791
1076621844
1077318843
1077807242
1081359968
1083579819
1083687059
1084638205
1085831227
1086154395
1086454161
1088291638
1088414172
1090858167
1091053753
1091430662
1091750002
1092920862
1093066341
1093150068
1093436847
1094982588
1095815651
1097495775
1103736800
1103896289
1106749166
1107166196
1107173441
1108766262
1108770791
1111116133
1111804654
1113595663
1114167143
1115523312
1115815179
1115940529
1118862698
1119545682
1119901875
1122686186
1122737460
1123200932
1123345145
1127031806
1127177643
1128775479
1128950594
1129798550
1130179093
1130197411
1130736524
1131201328
1131631826
1131816126
1132742189
1133747530
1134725482
1136280014
1138247220
1139238519
1139280365
1140859375
1142549576
1143357793
1144161985
1146248499
1149036757
1150489109
1150649914
1151259801
1151986008
1155081016
1155348646
1155656372
1155988695
1156123881
1157126519
1158410728
1160051045
1160256908
1161071903
1161107041
1161184139
1161906981
1162704587
1166882408
1167000614
1167319964
1169848700
1171125429
1172932581
1174767476
1175778423
1177001310
1177733727
1177823123
1178555230
1179614136
1179765554
1181923255
1183811170
1183829087
1189130283
1190851593
1193398890
1195157585
1195849493
1196049397
1196267134
1198140901
1199112390
1199581456
1199618665
1204010725
1204265219
1206035035
1206461739
1207424585
1208689387
1214508784
1215116464
1217605754
1218915392
1218926908
1219450158
1219511202
1223361665
1223591095
1223658610
1225773446
1227149371
1227382110
1227479732
1228040823
1228172124
1229572201
1229858920
1231656368
1232956744
1235534178
1237706851
1239251073
1241785556
1242295248
1243542748
1244952410
1245481667
1247565239
1250272388
1250789843
1252020829
1252756862
1253407868
1254316364
1254441941
1255058165
1255337701
1255743853
1256451529
1257501012
1257941323
1259401253
1259947407
1259969698
1260651628
1261219641
1261360108
1261558860
1262120973
1263341699
1264975862
1266682825
1266759599
1266961716
1267378577
1267500602
1270232229
1270723002
1272516086
1276382873
1276442126
1277349755
1278520738
1278798093
1279471423
1279769190
1280217113
1282236767
1282845028
1282883481
1283122162
1285971969
1288118101
1292932120
1293902907
1294382599
1295182734
1296159522
1297972499
1301690461
1302016954
1306149842
1306354709
1307328432
1308878867
1310022205
1311102962
1311921882
1311974142
1312169347
1312512828
1312852865
1313718907
1315410571
1315496378
1315967744
1319089538
1319158966
1320096821
1321364503
1322310330
1322974477
1323214709
1324587712
1325008236
1325397835
1325723235
1326169600
1327460813
1327618333
1328038813
1328965736
1329573616
1329602816
1329674518
1330015616
1330191993
1330286885
1332188142
1333407519
1333714071
1333808911
1334182183
1334234629
1334241549
1334458983
1335679790
1336997406
1338079505
1340238374
1342048632
1342593496
1342759756
1344473394
1345545695
1347222988
1350585313
1351789261
1354155629
1355074485
1356252738
1357177499
1358731049
1360801450
1361229776
1361426228
1363328878
1363526657
1363772844
1363939216
1364215926
1365239052
1365558292
1366108550
1367702607
1370259526
1371231617
1371868910
1372474163
1374966443
1377083124
1377708739
1380089681
1380637953
1382201511
1382448446
1382838468
1383210341
1383268094
1384264419
1387051757
1387760396
1387782809
1389252691
1389275722
1389769445
1391212069
1391422572
1392867272
1393323850
1393350368
1394367583
1394690100
1397193462
1401191642
1401207705
1401838448
1404477612
1405550080
1406641783
1407535699
1409149162
1410200190
1410741543
1410907706
1412793736
1413077005
1414654384
1415306467
1415472291
1416188018
1416339341
1417367468
1417936696
1418395393
1418481627
1419662397
1419825555
1420877750
1421314343
1422260929
1422393514
1422593698
1422795492
1424045132
1424342072
1425367233
1425962602
1426344442
1426736008
1427482090
1428042424
1428580355
1430241263
1430379786
1431162207
1431378127
1432379323
1432873593
1433010277
1433716081
1438350373
1439747209
1439805153
1440182548
1440864786
1441966799
1442119489
1442660064
1443341066
1446078242
1448112899
1448318701
1448515975
1448621437
1448937608
1449437545
1451089978
1453256213
1455294743
1455826172
1459577901
1459969799
1460043202
1460735428
1461670194
1463618826
1469801806
1469948267
1473059806
1473221571
1473684506
1477783327
1478882856
1479226150
1480422748
1481135560
1481350558
1481744055
1482210818
1482461116
1483154475
1483917706
1484687780
1485464398
1486000101
1486436943
1487510286
1490029823
1490421734
1491893388
1492563186
1496394824
1497658041
1498165765
1499945896
1504566364
1504668622
1505939552
1507377361
1507641742
1510916506
1511616669
1512636414
1512640178
1514199837
1515226201
1516413976
1517021841
1517854591
1518011599
1523061263
1524122659
1524316302
1525719197
1526404579
1528535474
1528852121
1529194031
1530603301
1532641061
1533381145
1533906536
1540593179
1541214465
1541270779
1542433814
1544012207
1544200369
1544695905
1546874793
1546881725
1547187118
1547538981
1548833046
1549519929
1551316708
1552653633
1554954949
1555399266
1555463771
1556469011
1556576159
1557025306
1558511588
1558692275
1558737739
1559773109
1560022649
1560521347
1560821036
1562225414
1562381303
1563301019
1563400252
1564172096
1564527224
1564606169
1564699061
1565823364
1565965920
1566293530
1566386892
1566559098
1567484585
1567650055
1567900173
1567942697
1569153466
1570043838
1570654009
1572259208
1573538416
1574909255
1577130542
1577761995
1578809336
1580051852
1580920436
1581325698
1581392972
1581960554
1581998534
1582678928
1585645257
1586261290
1586600994
1587734738
1589745358
1590751365
1590818189
1593927247
1594290309
1599669744
1600702154
1602465980
1603345217
1604198817
1609247034
1609250142
1610235233
1610975146
1613539431
1613588528
1614076686
1619051943
1619209732
1621345081
1621923428
1622405704
1624344125
1625867111
1626176621
1627276797
1627399893
1627459060
1632333678
1632533028
1633892860
1634386404
1634597244
1634893153
1636912624
1641423008
1642959000
1643387788
1644386589
1644394260
1645101118
1647788109
1648259571
1648992610
1649001842
1650553815
1652275560
1652963846
1654782907
1656639346
1657031371
1657665422
1660003155
1660789604
1662139764
1663419942
1667428203
1668035897
1669139981
1672161406
1674978917
1676788480
1676927110
1678515603
1680235284
1680236457
1680920166
1682140302
1688292914
1688947247
1690804229
1692138462
1692551697
1693731732
1694101257
1694145361
1694475858
1695812427
1698826600
1699160865
1703564536
1706643019
1707231522
1709005809
1710075561
1710116927
1711482681
1711927252
1712407002
1712574140
1713405607
1713413543
1716241874
1717995198
1718853710
1719239069
1720620693
1721229471
1721549239
1721588306
1723490356
1724346909
1725950332
1726806793
1727613795
1728282327
1731437863
1731760793
1732303795
1733468396
1734777595
1735051739
1737480593
1738007824
1738090936
1738714962
1738773282
1739575007
1740127587
1740134607
1741536784
1745253216
1746044545
1746054640
1746566001
1746769878
1748226827
1748341400
1751817907
1754051069
1755152494
1755319753
1756456259
1757035842
1757359594
1759962305
1760471766
1760563805
1760815390
1760832012
1762462966
1762676854
1763974504
1764163890
1764846242
1765035342
1766163969
1766336309
1767714192
1768065185
1768744384
1769042332
1771126575
1774196595
1774834083
1775103540
1775762020
1776074693
1777645551
1778290809
1779060114
1782284272
1784238961
1786519659
1786852299
1788060569
1788488862
1789613953
1791882531
1792081386
1792431795
1793156412
1793260537
1794606642
1794748300
1794908949
1794924796
1796129203
1796765841
1798514807
1798599884
1800030251
1800146183
1802295789
1802584068
1803662961
1804622623
1804697146
1805171554
1805231259
1805907101
1806254508
1806276958
1807208336
1807970864
1808572231
1809001473
1811552086
1812898002
1813831387
1815387497
1820124402
1821328930
1821385647
1821463272
1822771923
1823210242
1823658093
1823866707
1826572138
1826939386
1831619720
1831967040
1833409610
1834553217
1834917803
1835142926
1835451056
1835580132
1836061303
1837159557
1838453910
1838731632
1838981810
1839141105
1841016291
1842389802
1843450709
1844164538
1845725974
1846357358
1848880424
1850888174
1850993811
1857510859
1858502630
1860459149
1861289666
1862163284
1864129700
1865282695
1867753427
1867830045
1869475579
1869996263
1870317413
1872147131
1872927739
1873099695
1873312837
1873526197
1873647759
1876563155
1877111173
1878001095
1878142819
1878304092
1880849978
1880873128
1881825676
1883039508
1883149559
1883418692
1883864842
1884458754
1886361762
1886452578
1886686463
1887157037
1888825518
1890287910
1891044757
1892726050
1892861959
1892900596
1893829631
1894293708
1894345584
1897548399
1897968636
1898049865
1898928023
1900172524
1900181822
1901407565
1904965834
1907631803
1909527574
1909711411
1911699410
1913023160
1914534631
1916685909
1917109554
1918518999
1918768741
1920263211
1920520892
1920700050
1920738511
1924985529
1925655815
1928447816
1928451857
1928681114
1929022865
1929236491
1929634874
1931214247
1934114529
1935143546
1935252385
1935473224
1938278643
1938895489
1939196316
1939654120
1940587785
1940772051
1942069335
1946032030
1946074147
1947107201
1947926989
1949253373
1950046433
1950241268
1951439200
1953436284
1953848678
1954438001
1955090976
1955464914
1956924085
1957321702
1960458259
1961090845
1962134195
1962677301
1963063659
1963227547
1964576657
1968063239
1968171141
1968691269
1971448081
1972585767
1980574350
1980803282
1981038490
1981703447
1981869148
1982385491
1982759249
1985990909
1987582305
1987836837
1989402372
1991765296
1992124912
1992977538
1993864578
1995252483
1995576396
1995654002
1997089114
1997182781
1997271586
1997633226
1997725419
1997821961
1999682815
1999982577
2000776630
2001101074
2001900176
2004955025
2005608186
2007085710
2007431765
2007735566
2008424484
2009749944
2010788603
2014123616
2015569979
2016989591
2018363504
2020244559
2021427277
2022057333
2022210975
2022224032
2023838893
2024220604
2026019141
2026809986
2027209357
2027390482
2028650810
2028994899
2029302223
2031004166
2031234651
2031382240
2031620165
2034549052
2037305440
2038917628
2044278744
2044499460
2046463866
2047883504
2047900143
2048652109
2048728346
2049303755
2051339542
2051830821
2053225456
2054095619
2054248032
2055067197
2056161150
2057787579
2059461375
2059489320
2060235699
2061400905
2063021168
2065239444
2070580475
2070702059
2071255682
2074035328
2077465019
2078878666
2082441611
2082673008
2083979877
2084382677
2085055199
2086316178
2086975731
2088170515
2088585218
2090951511
2092123649
2093902243
2094651093
2100065558
2100655478
2106403642
2108341873
2110460375
2111061859
2111161592
2113253306
2113472788
2113763972
2116620996
2117156278
2117165713
2117281383
2117863802
2118365240
2119307723
2120415193
2121418796
2121793927
2122000356
2123917737
2125672491
2125928082
2126508951
2127233495
2128363357
2128673782
2130222944
2130324103
2130642999
2133891926
2134058123
2135324478
2135888539
2136918344
2136995953
2137381307
2138453898
2138948701
2139935809
2141604832
2143300214
2144457230
2144896454
2146841821

QuickSort comparisons: 59384
QuickSort swaps: 14533