1471327
1750945
3176361
4674915
4792941
4918676
6268217
6288791
6415816
8490890
8720174
8863322
9081288
9648420
11931269
12477326
13126638
14108076
14988610
15294264
16337465
17723602
19295544
19759467
19830779
20354727
21512362
22153762
22532064
22976006
23348532
23445452
24056674
24880112
25858546
26374045
28150181
28250499
28561906
29044017
29221220
30276333
30766390
30929344
30963697
31076526
31318900
31624142
32816925
33853326
34474060
34710059
34859449
36830540
37652124
37662477
39260936
39289944
39667869
40193523
40473187
40689068
41190494
42369808
43156025
43323997
43821433
44025145
44043988
44482749
45527227
45988803
46494940
46875015
47141215
47329105
48341553
48851661
49089734
49605637
49754448
49908064
50238449
50256253
52095877
52537290
52814367
53095402
53653102
55264551
55914839
56265251
56468148
57101713
57643139
58904210
59830589
60199440
60424175
61238849
61626490
62160784
62505397
62706388
63159413
63263682
63497129
65042229
65713050
67199393
67305556
67329439
67435658
68409316
69051870
69329378
69417734
69470946
69512836
72025106
72064554
72360638
72663248
73068376
73399584
74387395
75273664
76169356
77740134
78217741
79115605
79445427
79699293
82499317
83735446
84054602
85216107
85679717
86771133
87153845
88974821
89043793
89477645
89848247
89850999
90361656
90366401
90391403
90413677
91886763
92429546
92766345
93538017
94512293
94680614
95123412
95437071
96450135
96559714
96733370
97137441
97494805
98857291
101163310
102302522
103649484
104598845
105076514
105077680
105621622
105810004
106190670
106770908
107110559
107572583
107606983
107945807
109147189
109346359
109709221
110012762
110180927
111444969
111465997
111565341
111762317
114053216
114246049
114333094
114530178
114569863
115731460
115804421
115885686
116177639
116623363
117713061
117944251
118154138
118484412
118640771
118641947
118851803
118944319
119910207
120036248
121835022
121897537
121991722
122409672
122830847
123023599
123054486
123639309
123813671
124407098
124633535
124943180
125215646
125488013
125526712
126163088
126168515
126530834
127636456
129484979
129569818
131244636
131428096
131484198
132612641
132958629
133307566
134916492
135113204
135562542
136476871
136970043
137043011
138433371
139160396
139491966
140239087
140342702
142214447
142620381
142815339
144080431
144336288
145031476
145097221
146725932
146759831
146837884
147003242
147027860
147731375
148485778
149176962
149340060
151357579
152138114
152244742
152802200
153513442
154139366
154239179
154328305
154551302
155682343
155774171
155908195
156104453
156115370
156492323
158364710
158808995
158809461
158864618
158898063
159835543
159910867
160946041
161288697
161319898
162465948
162789733
162928019
164212273
164378227
164663864
165078010
165381076
167170220
167432226
167611485
167959063
168050849
168942492
169144121
169715493
169996771
170848877
172047836
172841361
173361357
173563407
173678585
173684521
173730018
173967360
174172572
175249959
176857450
176870220
177436864
178539716
179794323
179902402
180269404
181397815
181940237
181981588
183355275
183905634
184151068
184283446
184425577
185570002
185720035
186006836
186757400
186758869
186835680
186922441
187182172
187273742
187377581
187790851
188441193
188625979
190458578
191089480
191166305
191191929
191583709
191622650
192330051
192632079
192660999
193618291
194225596
194973054
195486784
196609748
196911306
197482019
197617322
197907679
199239640
200662371
200888708
201467677
201586832
201730400
201987258
202455948
202583711
203665802
204042424
204299556
204929997
205015325
206491539
206526109
207205806
208139507
208861115
208923253
209016583
209437310
210225734
210688579
210815910
210831083
211637626
211747737
212144035
215429255
215612055
216294490
216337168
216640781
216887404
218015359
218036639
218057627
218668715
219132707
219388771
219729659
220775767
221171947
221790591
222146944
222423815
222611695
222738404
222873908
222909995
223370961
223618534
223635609
223760039
223938929
224124302
224757954
225330833
225795507
227123995
227191889
227607373
227669239
227966540
229125156
229268613
229646625
229831643
229901271
230752147
230838802
231870841
231887872
232030909
232260116
232788273
234084531
234341794
235396573
235420306
235642021
236070248
239392988
240281904
240464572
241427057
241988543
243091163
243225758
243793081
243794360
244007774
245147002
245627279
246121234
246175170
246190695
246268224
246340777
247949345
247957861
248654172
248776834
250071050
250139160
251130592
251144643
251404840
251560781
253091857
255008771
255402953
255757574
256349980
256645774
259783306
259793723
259936120
260104774
260174469
261524631
261964884
262156220
262891388
262922442
263130402
263803608
264976610
265149135
265508386
265599643
266483840
268431132
268657265
268898391
269507185
270086062
271015374
271156895
271629083
271796322
271999873
272007607
273443084
274556263
275502815
276032541
276261515
276437379
277380825
277979679
278143067
279283974
279354260
279467867
280011459
280871898
280994974
281592662
281612161
281821271
282342794
282417715
282542217
283644800
284164062
284197267
284348032
284972550
285106095
285925587
286630318
287837242
288110556
288157036
288629036
289893375
291004751
291309198
291886031
292407741
292660076
294175336
295434486
296957480
297181175
297627533
297855386
297969857
298391332
298588777
298654911
299005691
299033875
299614801
299847536
299920461
301579346
301615822
301643214
301734168
302529086
303372857
303442092
303543113
303886972
305264390
306381777
306472063
307056905
308939519
310383488
311367969
312022261
312059532
312188990
312508506
312753531
313216487
313457399
314123486
314680537
314722533
315369195
315985290
316385329
316788328
317311555
317335481
317454372
317477233
317845533
317974778
318356051
319741835
323231741
324105311
324452986
325106992
325312241
326675584
326941457
327180450
327435724
327470896
327770849
328153348
328218129
328653524
328917172
330026494
330369691
330576019
330911908
331183767
332059111
332177200
333317111
334081322
334352018
334569763
334577993
334645070
335546702
335766390
336150020
336703438
337628993
337951397
338296468
339147089
339188526
339690079
339705910
339764203
339857146
339890992
341942782
342499159
342922770
343027548
343338126
343926235
344051438
344128915
344656295
345054944
346298539
346527297
346762324
347322555
347366953
347567920
348542615
349564978
349608588
349941578
350226261
350403915
351361260
351738593
352390854
352764609
352820480
352888532
353105271
353700543
353857944
356098243
356153822
356860645
358703175
359103073
359307530
359412252
360206336
360337573
360473166
361033297
361190631
361440893
362199249
362666909
362752897
363448416
363613780
363671203
363675680
363968433
364012512
364074382
364222368
364786852
365630942
366676746
367089929
367278250
367888400
369163761
369836305
370502642
370553244
371078442
371095780
371226041
372238116
373756724
374133282
374347602
375523668
375785241
376478355
377935724
378816113
379312859
379337640
379950454
380647291
381076874
381555221
381725512
382036924
383548155
384602946
385177757
386315995
386882876
386941746
389467168
390592341
390868996
391645148
391711681
391894697
393355146
395494434
395791578
397023562
397259715
397316697
398329928
398569640
399096589
399372941
399809359
399822470
400188938
400203878
400421571
401488914
401516981
402647450
402806260
403463056
405098717
405110275
405565397
406487060
406878827
407181247
408863022
409845537
409929775
410355029
410759894
411943870
412508036
412933321
413961516
413973597
414037793
414044351
414180630
414454476
414515023
414941800
415146361
416258113
416700187
417683041
418387904
418586818
418869891
419171855
419355593
419473998
419787386
420423641
421001333
421636490
422312598
422461770
423029369
423066976
423813563
424010648
424088753
425044426
425221052
425433203
426899588
427673022
428010537
428975767
429713210
430177880
430178861
430754116
431858654
432441525
433335990
433392119
433786845
433820090
433899146
434202044
435104042
435792102
435921632
436079149
436288537
437080795
438006084
438015419
438385052
438989006
440088805
440596219
441542623
441713357
442826584
443386404
443893016
444492606
445825563
445948203
446071001
448452834
448547420
449046554
449791098
450130921
451619136
452207508
452417351
452971373
453373596
453531568
454559534
454802453
455117760
455354972
455628565
456243394
456314983
456577258
457266318
457460860
457812797
459160393
459468974
460957438
461012956
461024852
461926321
461934180
462081795
462560722
462644552
462870554
463081662
463207915
463428777
464100610
464315117
465707207
465733271
466137739
467303002
467990650
468244683
468815559
469370176
469375971
470223005
470437342
470658558
471184176
472035682
472236619
473889219
473916992
474806073
474964468
475480866
475756635
475771352
476184302
476744181
476859882
476899079
477770919
478221910
478643261
479144420
479201120
480359917
480569987
480719587
481252917
481827747
481913344
483128099
483556489
483618793
484082354
484107665
484122552
485189216
486266369
486335552
486803673
486863013
487128010
487353719
487996567
489193870
489535279
489601397
489810131
490907688
491310781
491639381
493156182
494074235
494142510
494276874
494349907
494824266
494830656
495302717
496318531
497166700
497931280
498467327
498478097
498641711
499516851
499541071
499769647
499822960
499874314
500691659
500750408
501100281
501187381
501192411
501227006
501370517
502011450
502824218
503824876
504420208
505113244
506049215
508698417
508954757
509714753
510038655
510477849
510885583
511569083
512075331
512463252
512672181
514217208
514598749
515132321
515487952
515785819
516169390
516680024
519172919
519288168
519385090
519808006
520999539
521519657
522135246
522700566
522889761
523223639
525453643
526102335
526216391
526567943
527060345
527730742
528014568
528308027
528642226
528931660
529444379
529562769
529985052
530562769
530600725
530907501
531436744
531938660
531982858
532338144
532942743
533095939
534336033
534516184
534550835
535171090
535329252
535382414
535483235
535570334
536607866
537965252
538426019
539256350
539887101
539981488
540120902
540310660
540644870
541867022
541959988
542933923
543647775
544050206
544891161
545283736
545455016
545617645
546380719
546689599
547651032
548250271
548251393
548372283
548390790
549022410
549070298
549127907
549231294
550591080
550597041
553047054
554635621
554706943
555726832
556028203
557104557
557616706
557806059
558310410
558793122
559145786
559243781
560234916
560418273
561078866
561080299
561127553
561189184
561228967
561656837
561662835
563118458
563710331
564154019
564194163
564566185
564716250
564732045
564984034
565023487
565418078
565626799
565873084
566417723
567169024
567457127
567705464
567938041
568143349
569284836
569524986
570064928
570223204
570584416
570880259
570972813
571606743
572011863
572200387
572208927
573046773
573152674
573166148
573303895
573514632
573971788
574449605
574978698
576462552
576711260
576806053
577328548
577514566
578397578
578508415
580145368
580997266
581688539
582351008
582505812
584178384
584666622
585530419
586360909
586638771
587368691
587696782
588334487
588972680
589217722
590018654
590693021
591138786
591852834
591911289
593501786
593507144
593526711
594642881
596586648
596641213
597939209
598552944
598918900
599299960
599708172
599841032
600936102
602016848
602063712
603798292
604179717
605890454
606345298
606909437
609311842
609528879
610697401
611071816
611567888
611584353
611621728
611880912
612150115
612150871
612941963
612974456
613262638
613734527
613849524
613919872
613972199
614214439
614611392
614794018
614929212
614996956
615909233
616279595
616440063
616454442
616699485
618306620
618448309
618492056
618713328
618792219
619287859
620900183
622451854
623010502
623116967
623696306
623985189
624078190
624097981
624115456
624580425
625670322
626106441
626157801
627049829
627167809
627459031
627538219
628922765
629368559
629546376
629643774
629805899
630180935
631076935
631130512
631252933
632029879
632947155
632967449
633689866
633715834
634407800
635637797
635797348
637034233
637061724
637531912
638704056
638785247
638860757
638979408
639826335
640663794
640741002
640857838
641755953
641837470
642173280
642775183
643111729
643201661
643283898
644055909
644308684
644406117
645194278
645710813
646271816
647364936
648377774
649092952
649178307
649184525
650345963
650697021
650940754
651140480
652458146
653545899
653668847
654796494
655160621
655938792
656847195
657112393
657675248
659606065
660253342
660527202
660778965
661069952
661159147
661228614
661973144
662417007
662681372
662878549
663023195
663283062
664439423
665721043
666069091
666106958
666355537
667282249
667888298
668308528
668604344
669069501
669440747
670422213
670999408
671696470
672836850
673458537
673701637
674335042
674379496
674415164
674819129
675211518
675986985
676216659
678350369
678784445
679729149
679886806
679940879
680143999
680182323
680257251
680372590
680537330
680668802
681119613
681413867
683185828
683239433
683883691
684291503
685135532
685479017
685649312
686353709
686454222
686511690
687113028
688129528
688271508
688459418
688899367
689279194
690191231
690430333
690962730
691269040
691365281
691372391
691882077
692589904
692699662
693414645
694381631
694678124
695854872
696180010
696483033
696886227
696953548
698203515
698626889
699206361
699978441
700031790
700267989
701749644
702132977
702721734
703701531
704339789
704936876
705803701
706640235
706762089
706975258
707796499
708136822
708203030
708639291
708829846
711078371
711094008
711872870
712096935
713158053
713376468
713379220
713591884
714105273
714242445
715709725
717141713
718049446
719617206
720092162
721057502
721452847
721911831
722312538
722332266
722336657
722798154
723864565
724257218
724648647
725109249
725499553
725520393
725927114
726655130
727023224
727972307
729900201
730157293
730594184
730615872
732536944
732631023
733047932
733157617
733264015
733967335
734936548
735437426
736039422
736531344
737165679
737638473
738099187
738479593
739198154
739528158
739821804
740225313
740516979
741614692
742019322
742084068
742981775
743206995
743820049
744136535
744476953
744599866
744938331
745085980
746287883
746416734
746793493
748422341
748440159
748882060
749523605
749835041
750040970
750652349
750661030
751428645
751574799
751594601
751659157
752636422
753490523
753858350
753902347
755664784
756224295
756540396
758493698
759129525
760340170
760830435
760991970
761003308
761025024
762254569
762677177
763524362
764446372
764497817
764904563
765519917
766580379
767516714
768480191
768578292
768681677
769066247
772974673
772975839
773438041
774135486
774242748
774624587
775090991
775414490
775784977
775982755
776699100
777525691
778034121
778266457
779174607
780676811
780810150
780875407
781518138
782304720
782415126
782964553
783193228
783451156
783650693
783963316
784292945
784704633
784853663
784869962
785558683
786095303
786187710
786839969
787037554
787307237
787866651
788969541
789836105
790207050
790967772
791201346
792494825
794440046
794545677
794635911
795160322
795422897
795676323
795684060
796114648
797253776
797815231
799483359
799554587
800847621
801682143
802262565
802913825
803192781
803261297
804255458
804930619
805288978
805574042
805769275
807276690
807772821
808499954
808805914
809933563
810261153
810626508
811173835
811346435
811367480
811497272
811507242
811604625
811634051
811835040
812844951
813180228
814262369
814472373
815318328
815328525
815859605
816040505
816200920
816686177
816915650
818634950
819301626
819816318
820678458
822514242
822888723
823118481
823770573
824694442
826146956
826157255
826160041
826483823
827016015
827221720
827906456
828217077
828593561
829364220
830912601
831201838
831477743
832797047
832890775
833206228
833370692
833727106
833927242
834010701
834205605
834843668
835010032
835361209
835769080
836855652
837519074
838245807
838426539
839276947
840719304
841503923
842422569
842427212
842475695
842629207
843279873
843431278
843431988
845137743
845375477
845589557
846755934
846853346
847112998
848749820
849006226
850747312
850924531
851638251
852139978
852148868
852359523
852780233
853031806
853041172
854588991
855303215
855318706
856322513
858053057
858334915
859644293
860554424
861033161
861244336
861586124
861813423
862726289
862757945
863732504
863773158
864251474
864345355
864400407
865372941
865477149
866935325
867923430
868202919
869251456
870020600
870252336
871907053
872402740
872523344
874067897
874284033
874370923
875064740
875363497
875640434
876927564
877078867
877734296
878051187
878228307
878476275
879748830
879821871
880210658
881180268
882058600
882749074
882772745
882952519
882963458
883519144
885039195
887487855
888179633
888948435
890145369
890195254
890475830
890639376
891001925
891444979
892554217
892661134
894249493
894737154
895834977
896862192
897060464
898585278
899314776
899325145
899889985
900524472
902026110
902183532
902271941
903322385
904126318
904232337
904348386
904566196
905434997
906563847
907401886
909211309
909781162
910342659
910672150
910719449
911044794
911483391
912201265
912514071
912591580
912597664
912965443
913103136
913332003
913512732
913960188
914854557
916356960
917854562
917912020
918364154
919636601
920060042
920982801
921088354
921726470
923051956
923495073
924087107
925516560
925592918
925779191
926015424
926610826
926694661
927451223
928371827
928795538
929134113
929154041
929218079
930267741
931182532
932098038
933039815
933917707
934958047
935758372
936801661
937324493
937633138
937798960
939650053
939888171
940436870
941469602
941494116
942649544
944043746
944506638
945107967
945630276
946189430
946368413
946468878
946519378
946782045
947456570
947622411
948087701
948321650
950529722
951515384
951885717
952157848
952297146
952432372
952699826
953707445
954074502
954507295
954736845
954792287
954966268
955349021
956231334
956444400
957777121
957826570
958588709
958842411
959570334
960528450
961264622
961287412
962532154
963951125
964379448
964763924
964780233
964785726
964978022
965087929
966014490
966072468
967655562
968634569
969809569
969813374
970054176
971244774
971308628
971477675
971766324
972145886
973566300
974136711
974758796
975754536
976289951
976563979
976925037
976928781
978540616
978698393
980512291
980770522
980957049
981061499
981453542
981797385
981969726
982402464
983296298
984370344
984799351
985196497
985242075
985834774
987027211
987341784
987352476
987716369
987977064
989237076
990524281
993140018
994832475
995312671
995678334
996199229
996249287
996346431
996462829
996883662
997128106
997253206
997324602
997654874
997819250
997862700
998027856
998196309
999289391
999538914
1001428290
1002589492
1003331535
1003664962
1004291958
1004773391
1005607943
1005731751
1007457315
1007773189
1007831211
1007912009
1008229390
1008285677
1009015075
1009273573
1010343907
1010623044
1012024947
1012870628
1012899326
1012920892
1013215568
1013566353
1014716229
1016967783
1017013060
1017691030
1018784927
1020018510
1020442755
1022346025
1022496310
1023316579
1023874968
1023910735
1024215844
1025527565
1025700994
1028129530
1029532577
1030070369
1031201817
1031226944
1031787008
1032479948
1032771729
1033555557
1034133406
1034183074
1034216799
1035122215
1035449192
1035513191
1035694509
1036388032
1036566054
1037283290
1037400393
1037608729
1037758323
1037824756
1038065907
1038243143
1038415291
1038769259
1038980925
1039078367
1039596172
1040392510
1042021572
1043010330
1044254881
1044519336
1044552430
1045312567
1045362677
1045426905
1046551940
1047274183
1047657905
1047938756
1048654727
1049133269
1049669563
1050577422
1052296647
1053526065
1053588395
1053982057
1055044520
1055720990
1057711108
1058028096
1058580971
1058695548
1059608776
1060004478
1061733679
1062534967
1062832554
1063447948
1064344531
1066318182
1066988159
1067007451
1067026270
1067263025
1067421982
1068467173
1068600865
1068985944
1069135879
1069159034
1069657013
1070037531
1070269530
1070535805
1070781515
1071578498
1072400941
1072875327
1073066913
1073098315
1073974687
1074165589
1074244338
1074949948
1075182301
1075442023
1075734592
1076265961
1077933910
1078039335
1078216120
1078361963
1079073299
1079413840
1081272090
1081792287
1083647955
1084665102
1084695534
1085244086
1085465414
1086258193
1086326800
1086439641
1086906759
1088680768
1088777579
1088952964
1089594334
1089712936
1090126923
1090739847
1091462791
1091674458
1092270791
1092434891
1092792449
1092972189
1093894054
1094501980
1094725750
1094771509
1094798191
1095022584
1095497527
1095649879
1095781555
1096063044
1096222691
1098662742
1098780434
1098891603
1100834334
1100978817
1100995982
1101023985
1101257511
1101620944
1101980019
1102298103
1103195992
1103367718
1103674571
1103950679
1105150975
1105289054
1105526505
1105811471
1105952225
1107050669
1107847234
1107903682
1109480256
1109501977
1110078185
1110326165
1111019712
1111034647
1111633642
1111835909
1111851294
1112862349
1113277556
1113295187
1113574818
1115231787
1115733539
1116045559
1116298589
1116720067
1117568852
1117998566
1118054168
1118260694
1118408391
1118411001
1119513033
1119535450
1120160102
1121757040
1121921466
1122245323
1123539728
1124466570
1124579190
1124661643
1125302082
1125349919
1126313701
1129652043
1130362067
1130400735
1130511382
1130574834
1131171697
1131333973
1132435371
1132886481
1133504694
1133598809
1134105394
1135491856
1135592230
1136669062
1138214386
1139121746
1139469208
1140187006
1140668882
1140792592
1140839208
1141067607
1141360736
1141687384
1143954468
1144100359
1145003048
1145561415
1145724218
1146067360
1146184928
1146341469
1148517595
1148554160
1148855960
1150847208
1150977395
1151202929
1151987005
1152327317
1152766673
1152919840
1153047929
1153497327
1153617989
1154430227
1154984202
1156059714
1156378772
1156452897
1156976247
1157012379
1157103581
1157257253
1157410030
1158011209
1158477473
1158521304
1158904884
1159078085
1159212824
1159734799
1160252160
1160264033
1160300697
1160383226
1161388618
1161752817
1161754853
1162008598
1163021142
1163243529
1163358471
1163421423
1164379400
1165013478
1165036744
1165128836
1165410530
1168402045
1169570890
1170761218
1170994773
1171012541
1172288114
1172925038
1173216940
1173293407
1174267592
1175573388
1176024624
1176267363
1176956861
1177904959
1178446908
1179893003
1183337000
1184217270
1184444898
1184507962
1185642234
1185898208
1186212089
1186809434
1187326879
1187413428
1187613616
1189108305
1190011140
1190114049
1190670925
1191615802
1192658305
1193544166
1194538273
1194590080
1194734615
1195730217
1195988792
1196012150
1196646843
1196710083
1197422287
1198134160
1199016622
1199289377
1200324437
1201410950
1201463568
1201826788
1202303619
1202315203
1202577817
1202754318
1204084253
1204505264
1204513225
1204532234
1205072831
1205368432
1206585049
1207417395
1207703473
1208622094
1208825767
1208850729
1208895681
1209356654
1210179624
1211071755
1211281629
1211362057
1211397698
1211908755
1212343835
1212579398
1212823770
1213217165
1214256711
1214984539
1215250797
1215569407
1216323283
1216416175
1218178484
1219458277
1219999207
1221760210
1221853880
1221886405
1222225330
1222548022
1222622606
1222688829
1222707483
1223154763
1223667213
1223881710
1224182132
1224528562
1224780284
1225173397
1225853276
1225963872
1226349531
1226407524
1226548490
1226800512
1227449703
1227834830
1228601511
1229723332
1231696442
1233867994
1234158038
1234250515
1234752541
1235070687
1236072001
1236205185
1236298875
1237276771
1237934650
1238198039
1238838268
1239743666
1240913055
1241617492
1242032555
1242544388
1243287226
1243689751
1243962498
1244238580
1245050385
1245208812
1246578676
1247964406
1248234091
1248266114
1248277385
1248409272
1248886480
1250193273
1250215468
1250524063
1250559297
1250569905
1250806677
1250866190
1251052284
1251235338
1251414094
1253579841
1254566742
1254953610
1255198978
1255283300
1255295908
1255781688
1255906702
1256109368
1256117692
1256885338
1257129436
1257729305
1258247923
1259379415
1259781711
1259954143
1260224561
1260266437
1260306936
1261319337
1262939637
1263080615
1265061240
1266420608
1266450056
1266728510
1266840083
1267951188
1268014612
1268429641
1268671949
1269641694
1270301359
1270994805
1271511237
1272024316
1272263338
1272482894
1272627624
1274561347
1274648300
1275615518
1275861510
1276178780
1276592632
1276619034
1276623120
1276904206
1277198561
1277998071
1278013367
1278139462
1278506753
1279433464
1280723006
1280966627
1281945226
1282150841
1282507695
1282761145
1284045348
1284413887
1284763339
1285258317
1285427509
1286477810
1286511871
1286991220
1287801913
1288453801
1288693517
1288963237
1289350405
1290675043
1290810454
1291036532
1291851473
1292437854
1292675971
1292806813
1293442842
1293876495
1293948237
1294781970
1294920366
1295126508
1295610350
1296880927
1297513810
1298391043
1299834309
1300006712
1300063948
1300741787
1301390560
1302106296
1302133228
1302226714
1303075626
1303105559
1303792234
1304399940
1304664299
1304845292
1305038149
1305513871
1305539993
1306153829
1306925150
1307263504
1307381611
1307819428
1308365836
1309064715
1309121023
1312164744
1312557350
1312828806
1312919369
1313294581
1313414626
1313488744
1314222708
1314370852
1314570822
1315861388
1316596225
1317140786
1318471547
1319066768
1319454306
1319567839
1319733045
1320852492
1320950945
1320992339
1321025405
1321562236
1321571632
1321654456
1321936469
1322018364
1322072812
1322273336
1322521132
1323438455
1323508299
1323775341
1324374950
1324877910
1326862345
1328338549
1330288833
1330828371
1331761524
1332242932
1332427043
1332828796
1333443864
1333484792
1333700400
1335067065
1335074401
1335399975
1335568975
1336010563
1336072983
1339207741
1339383078
1339584960
1339788671
1340329248
1340779581
1341164967
1341301132
1341624709
1341807169
1342009183
1342036999
1342331269
1342801834
1343147770
1343527866
1343586306
1344499714
1344629401
1345028798
1345515094
1345921190
1346772303
1347244289
1347489524
1347615960
1348828230
1348922506
1350940288
1351080907
1351143915
1351248551
1351407665
1351729046
1352605433
1352794549
1353468565
1353577089
1354386932
1355203619
1356302137
1356471032
1357732015
1358791871
1358838448
1359270819
1360446602
1361185368
1361228024
1361426297
1361987463
1364653250
1365029320
1365167212
1365687821
1365741945
1365775144
1365815333
1367507865
1368508112
1369117246
1370065004
1370640013
1371052300
1371223639
1371332099
1371858087
1371889140
1372296537
1372389975
1372477393
1373106904
1373300112
1373690759
1374528782
1374591477
1376258524
1376689351
1376787789
1377639512
1378322193
1379005622
1379027399
1379081072
1379156166
1379429456
1380318748
1380833655
1381728587
1383074995
1384581282
1385165573
1386165489
1386393619
1386648930
1387077459
1387694268
1387712761
1388343425
1388610273
1390250752
1391005767
1391289839
1391403178
1392091074
1392414148
1393334260
1393982126
1394248245
1395101677
1395253387
1395409300
1395476283
1395651766
1395923206
1396613251
1397155746
1398002625
1398055541
1398819147
1399014223
1399794372
1400479097
1400505147
1401790327
1401796564
1401935490
1402157694
1402318217
1403576445
1403889300
1404159586
1404258913
1404923401
1405028733
1405343317
1405489053
1405966438
1406502146
1406774386
1406868714
1407700707
1408090021
1408165088
1408175957
1411095159
1411385477
1411411955
1411626822
1411813784
1413328750
1414792498
1415819742
1416108372
1416266387
1416483123
1416567273
1417203753
1417555096
1418028985
1418042491
1419243020
1421155251
1421508545
1421611936
1422545655
1423159537
1423809316
1424257210
1424486577
1424998830
1425635946
1425859221
1425948272
1427576843
1427973118
1428061504
1428384745
1429955590
1430214408
1430373924
1430914661
1431902270
1431991331
1433597988
1436360095
1436793750
1437920276
1438790558
1438794433
1439013840
1439456686
1439944303
1440065002
1440407792
1440603675
1440878542
1441465086
1442229743
1442548782
1442853345
1442891848
1443314221
1443352733
1443808628
1443914741
1444568487
1444923510
1445234282
1445548970
1445779472
1446174660
1446228389
1446270318
1446429824
1446786103
1447659853
1447768954
1448245640
1448636587
1449132633
1449135116
1449337652
1450245706
1450446526
1450808586
1451135418
1451469080
1452908324
1456049530
1456118662
1456449302
1458234679
1458378285
1458475074
1459286569
1459405205
1459566691
1459869105
1460823246
1460920104
1461230875
1461638343
1462230004
1462258288
1463004576
1464745824
1466100767
1466592295
1466844768
1467893216
1468001495
1468548034
1468600421
1468851210
1468909341
1469349624
1469420670
1469508137
1470112793
1470234231
1470846050
1471289816
1472048051
1472539665
1472685775
1472935696
1473863192
1474451450
1475613259
1475877695
1476496484
1477039641
1477550782
1477775755
1478086711
1478170591
1478551645
1478614636
1479328122
1479424516
1480275388
1480500204
1481458688
1481573501
1481599580
1482600877
1482896759
1484204735
1485647709
1488007169
1488032373
1488307126
1490670389
1490769966
1491327441
1492275234
1492321275
1492528493
1492748914
1494580869
1494583197
1494678410
1494970917
1495366007
1495724420
1495822804
1496022591
1496200507
1496985310
1497431059
1497996503
1498305091
1498731881
1498862105
1499688442
1499866595
1500111324
1500924114
1500993886
1501046825
1501517170
1501656377
1501831444
1501939217
1502799553
1503252726
1503614274
1503990496
1504343259
1505352747
1505768637
1506250388
1506316677
1507506763
1508423756
1508652895
1508914345
1509657845
1510360842
1511877469
1512624133
1512794662
1513660315
1513734221
1513997564
1514736426
1514751871
1515576787
1515595675
1515672072
1516132398
1517119451
1517320342
1517739307
1518056404
1519509625
1519679315
1519860994
1520933045
1521369679
1521554828
1521602057
1523162044
1524971137
1525394995
1525417701
1525734139
1526336778
1526511453
1526558259
1527010370
1527215139
1527461621
1527846088
1529132890
1529333462
1530438865
1530971842
1532156641
1533148402
1533781111
1535032104
1535081007
1535177755
1535485270
1536398150
1537417504
1538121308
1538473717
1541244877
1541335148
1541540038
1542201461
1542510108
1543129981
1543151984
1543849945
1544188869
1544454464
1545379555
1545441058
1546251533
1547006601
1547395236
1548054314
1548834729
1548856796
1549868419
1549895751
1551411569
1551463495
1551762542
1552198878
1552220993
1552663477
1553345231
1553604203
1557115098
1558578596
1558738001
1559113724
1559305419
1559693165
1560740413
1561138780
1561536072
1561779325
1562121690
1562257205
1562360897
1562452755
1562998763
1563408477
1564255164
1564952296
1564992679
1565086985
1565653030
1565839300
1566146671
1566233984
1566256146
1567659885
1567677367
1569010713
1569037017
1569288531
1569698252
1570074183
1570208173
1571393684
1571595503
1572083900
1572350468
1572514021
1573053199
1573976878
1574249475
1574387628
1574398228
1574700074
1575078217
1576059977
1576138894
1576234219
1577026878
1577465042
1577942044
1578583117
1578647053
1578807200
1578853367
1580478704
1581539536
1581966112
1582547855
1584070855
1584241216
1584384111
1585485776
1585939986
1586139947
1586171906
1586394181
1587223179
1587387035
1587470142
1588107492
1588493323
1588854666
1588859539
1589665935
1589695950
1591966853
1592028425
1592119923
1592273777
1592286896
1593098018
1593112921
1593157399
1593992523
1594015300
1594445850
1594453103
1595255691
1595757338
1595885149
1596163189
1596637825
1596955479
1597146016
1597209837
1597327292
1597399902
1597463541
1598655487
1598872085
1599129587
1600053161
1600870597
1601226313
1601940728
1602015336
1602811868
1603184854
1603243663
1603491976
1605516922
1605759604
1606556808
1606596820
1607048351
1607432692
1607658613
1607715312
1608101306
1608103530
1608297890
1609148018
1609420381
1609530044
1610508789
1610705959
1610760756
1610776117
1610871417
1612984990
1614449081
1614940300
1615287501
1615436309
1615655670
1615663422
1616163862
1617085703
1617659756
1618463485
1619800282
1619985126
1620063336
1620413606
1620594151
1621254007
1622341679
1622445310
1623217646
1625227144
1626221499
1627261627
1628240480
1629298774
1629708311
1629985689
1630115145
1630289356
1630470602
1630737835
1631914612
1631945351
1632530774
1632531023
1632539143
1633040853
1633041750
1633978376
1634529271
1634823501
1635020279
1635229733
1635728079
1636472657
1636885596
1637027602
1637078823
1637256201
1637844605
1638000899
1638112360
1639356521
1639468814
1640745771
1640773854
1640987417
1642524146
1642909639
1642957732
1643093990
1643727585
1643882911
1644012588
1644397874
1644825034
1645264725
1645340811
1647359178
1647463080
1647554413
1647878279
1649016292
1649237627
1649675802
1650235935
1650423958
1650609801
1651747910
1652508679
1653772984
1655218896
1656464970
1656952792
1657064925
1658185282
1658241818
1658699851
1659501725
1660028223
1660324338
1660433525
1661212535
1661319191
1661389504
1661448452
1661648637
1662346529
1662604752
1662612930
1662683831
1663809891
1664225958
1664988943
1665051263
1665315041
1665906054
1668047833
1669975460
1670191793
1671103033
1671831758
1672006054
1672362467
1673339665
1673477013
1674008768
1675396379
1675779945
1675784317
1675817991
1676548368
1676980536
1678268265
1678571378
1678745872
1679145297
1679313653
1679789060
1679823060
1679957490
1680255110
1680274976
1680288870
1681441669
1682193946
1682706642
1683583100
1684654642
1684994809
1685058842
1685197917
1685229749
1685615088
1687039207
1687344512
1687776144
1687984063
1688241208
1688599772
1688977518
1689494843
1689727740
1689763820
1689854222
1690366616
1691068744
1691538985
1691990931
1692301312
1692665895
1693459236
1694152442
1694167519
1696028378
1696112989
1696364096
1696887026
1697960889
1698613381
1700041427
1700302982
1701088136
1701337246
1701992557
1702151135
1702784144
1702804714
1703935924
1704878103
1705773406
1707096749
1707421622
1707882957
1709097430
1709338329
1709935931
1710138204
1710623398
1711048181
1711240102
1711265407
1711432387
1711462430
1711696675
1711736569
1713357295
1713624245
1716227531
1716325856
1716802672
1717082263
1717330844
1717397531
1717571995
1717993545
1718123582
1718257382
1719036185
1719165270
1719208031
1719226329
1719488824
1719672945
1719809574
1719885044
1720161509
1720223401
1720345067
1720373858
1720636022
1720860702
1721727934
1722105211
1723746365
1724014537
1724166750
1724521179
1725148016
1727455943
1728516244
1728722109
1730618214
1730953441
1731649292
1732150208
1732731967
1733213015
1733549327
1734170802
1734278161
1734353941
1734852851
1736635229
1737577497
1737840561
1738324896
1738830528
1739280750
1739364905
1739376768
1739596521
1739638272
1740279391
1740352234
1740643166
1740887425
1743004299
1743160704
1743716805
1743782455
1744218310
1745684959
1745892750
1746057026
1746085231
1746244607
1746842492
1747047522
1747518947
1747558619
1748367495
1749106860
1749943547
1751976528
1754605977
1754626796
1754836632
1755231618
1755238717
1755870596
1755951860
1756702945
1756763142
1756979198
1757491229
1758357292
1760048271
1760991751
1761092670
1762073469
1762109326
1762406980
1762644867
1762663315
1763467116
1764290392
1764319635
1764488919
1764589953
1764808550
1765322868
1766297311
1766391689
1766491146
1766613863
1766722571
1767041843
1767137151
1768360192
1769137611
1769701997
1769990400
1770037776
1770064833
1770803004
1771457359
1771674288
1771693802
1771914603
1774466599
1775173438
1775600475
1775724331
1776585710
1777133108
1777334335
1778744071
1780365735
1780535173
1780784754
1781363539
1781860831
1782249885
1783587249
1783656145
1783896428
1785792408
1785874634
1786394976
1786569849
1786640384
1786892271
1786920438
1786941328
1787694259
1787977151
1788146877
1789085423
1789539888
1789767222
1790912304
1791650897
1792155724
1792734637
1793105589
1794177075
1795627964
1797310782
1797585676
1797998017
1798024864
1798048323
1798177175
1799069958
1801136899
1801319795
1801457607
1801692550
1801992828
1802390998
1803158485
1804353376
1804422596
1805049019
1805844471
1806124614
1806416412
1807429827
1808828810
1809495951
1810261739
1810376398
1810461700
1811584916
1811774650
1812185312
1812580283
1813097872
1813136439
1813184165
1813721062
1813742808
1814176276
1814474022
1814675663
1815372175
1815750324
1816533611
1816935143
1817327410
1817605698
1817634076
1818381749
1819318836
1820045421
1820871338
1821217796
1821952762
1822021424
1822171669
1823061729
1823272934
1823672060
1823933743
1824277493
1824627533
1824649629
1825284775
1825982068
1826217427
1826328841
1826598410
1826691906
1826925264
1828344735
1828564705
1828612202
1828888632
1829132617
1830349588
1830612793
1830879362
1831090437
1831555286
1831759525
1832140453
1832703360
1833050517
1833414383
1834272015
1834312266
1834321386
1834374879
1834586882
1836031131
1836215356
1836397360
1836495293
1837044548
1837058177
1838055499
1838715956
1838912670
1839884171
1839906614
1840385331
1840481725
1841266600
1841732594
1842221402
1842627855
1842667368
1843672582
1843875237
1844151660
1844389562
1844816954
1845639564
1846565976
1846633453
1848369946
1848876221
1849644000
1850441673
1850488077
1850549478
1850688445
1850831984
1850869251
1850889413
1852620668
1853840513
1853849308
1855861428
1855901984
1856583591
1856794385
1858797781
1859702853
1859836435
1861216754
1862152129
1862241767
1862481924
1862815449
1862983327
1863242813
1863587109
1863651365
1863855858
1864074588
1864385289
1864544953
1865098658
1865746101
1865972845
1866144177
1866783331
1868145816
1869709536
1871708050
1872507367
1872604358
1873094232
1873161755
1873356736
1873820067
1874063203
1874351704
1875521417
1875921699
1876102807
1876144288
1877211303
1877858060
1879023183
1879594058
1880158403
1881655707
1881667825
1882311021
1882418491
1883813402
1883856132
1884440013
1885869628
1886884655
1887439796
1887769669
1887836311
1889417415
1889978770
1890111751
1890747961
1891217080
1891227236
1892576643
1893176455
1893427341
1895103379
1896407725
1897056778
1897232833
1897550625
1897831762
1897848034
1898622192
1898761020
1899212596
1899681915
1900303926
1901157724
1901221354
1901371006
1901855442
1901893218
1902078119
1904215078
1904333132
1904787525
1905063874
1905488504
1905750739
1906487407
1906513616
1906834843
1907094886
1907846251
1908025751
1908275471
1909379177
1909936228
1910751483
1912453938
1912557162
1912882077
1913312582
1913493452
1913963991
1915651684
1916629604
1916763015
1917666100
1917957914
1918278689
1918833773
1919043757
1919317653
1919561960
1919995348
1920090485
1921138123
1921285603
1921317919
1921422199
1922156237
1922369648
1923161287
1925806472
1926793770
1927645024
1927884526
1928300267
1928823706
1930018465
1930835767
1930950676
1931774818
1932142746
1932646245
1932706075
1932897803
1932929451
1932982070
1934259168
1935069673
1935876427
1936218451
1936775748
1938651749
1938781961
1939339113
1940209896
1940697071
1941246509
1941259490
1942126603
1942726351
1943149446
1944265807
1944353818
1944544085
1944739823
1944862290
1946129561
1946164880
1946221870
1946248080
1946374853
1947733512
1948076531
1948350574
1948996049
1949184709
1950046835
1950062874
1950152459
1951388789
1951426380
1951803955
1951884953
1953457848
1954384115
1954514732
1955305744
1955356376
1955726200
1956003459
1957076998
1957266834
1957325011
1957474170
1958362438
1958408122
1960718564
1961549345
1961914688
1962958613
1962963589
1963602291
1964761838
1965101285
1965135462
1965319094
1966156319
1967189110
1967330259
1968639247
1968789397
1969839332
1969984536
1970125154
1970635718
1970695518
1971047295
1971575042
1972085112
1972464200
1974745280
1975303333
1975756553
1976201902
1976462329
1977081342
1977110795
1977540678
1978409431
1979535572
1979901681
1980108187
1980450274
1980533717
1980636763
1980925335
1981006784
1981122041
1982512266
1982587412
1982846090
1984721493
1984882703
1985258325
1985306214
1986034614
1986126931
1987321002
1988242766
1988504445
1989964409
1990688141
1991549840
1991564507
1992209079
1992247721
1993094152
1993142584
1993394727
1993538566
1994034598
1994598189
1994703080
1995534044
1997229882
1997372243
1997699206
1998199834
1998264827
1998902217
1999794331
2000104854
2000148297
2000179137
2000381842
2000510737
2000587887
2001315202
2002050509
2002613450
2003198557
2003866077
2005477904
2006438938
2007845904
2008683678
2008729813
2009056588
2009085787
2009171487
2010581929
2011471624
2011675564
2011763377
2011766430
2012000260
2012294260
2012390687
2012680306
2012877469
2014702073
2015349022
2015657720
2016029507
2016418260
2016473710
2016529797
2017151939
2017370519
2017421066
2018766251
2020082140
2020096947
2020156111
2021570797
2021936946
2023579702
2023934224
2024755264
2024884176
2024979705
2025368208
2025840209
2025897144
2026632506
2027272269
2027674597
2028434829
2029486026
2029689051
2029760550
2029873706
2029905273
2029955006
2030501237
2030856598
2031605490
2031742311
2032302763
2032500233
2032920051
2034504390
2036485745
2036583174
2036796005
2038118456
2038734622
2040515642
2040794566
2041923029
2043307320
2044984924
2045002840
2046040423
2046110335
2046594101
2048800834
2049284422
2049509186
2050071625
2050470500
2051048080
2051520794
2051785387
2052062231
2052338947
2052505112
2052954953
2053291101
2054669520
2054806332
2054880444
2055052166
2055166337
2055170928
2055196993
2055238158
2055867594
2056405919
2056590424
2057044806
2057264372
2058735433
2059029272
2059609826
2059708371
2060630089
2061310648
2061360350
2061380801
2061935747
2062476329
2062807116
2063511398
2063917167
2064767794
2064902017
2065970355
2066861840
2067002632
2067067417
2067144814
2068078060
2068142910
2068486903
2070201720
2070493848
2070813076
2072423041
2073214111
2073699660
2076346752
2077061214
2078184530
2079097188
2079360512
2080364633
2080504645
2081804307
2081929339
2083095199
2083714225
2083982513
2084101393
2084234767
2084679921
2085540117
2086352308
2087149143
2087439759
2087908839
2088446597
2089134010
2089542560
2090107322
2090228095
2090315537
2092161502
2092711219
2093025912
2093152594
2093642125
2094318652
2094471920
2094667326
2094722242
2095157222
2095646750
2095760323
2095787368
2097166552
2098633378
2098775167
2099337178
2099522144
2099759646
2100917679
2101849023
2103814266
2104656069
2106068438
2106512002
2106700948
2107089113
2107465695
2107648939
2108140543
2108298870
2108431030
2108530773
2109095576
2109632036
2110501261
2113101179
2113816893
2114146697
2115181961
2115320942
2115344406
2115530288
2115533981
2115553260
2115756174
2117741298
2117846328
2119030273
2119240063
2119327669
2119637442
2121326630
2121332054
2121630024
2122000086
2122194335
2122276611
2124044905
2124131530
2124334235
2124405334
2124523136
2125053034
2125101457
2125490303
2125543152
2125805608
2125815921
2126431912
2126497999
2126540579
2126612855
2127596101
2128679898
2129930398
2130207275
2130366911
2130858101
2132097544
2132923581
2133874614
2133944953
2134204147
2135064082
2137552315
2138413390
2138787219
2138868133
2139201286
2139372968
2140121925
2140143735
2141187674
2141214409
2141237909
2141794039
2142076038
2142108977
2142171166
2142238893
2143489724
2143871549
2144187214
2145031733
2145034372
2145102711
2145271994
2146265574
2146556936
2147482482

SelectionSort comparisons: 8386560
SelectionSort swaps: 4095