107255
536828
661426
927719
1279434
1406862
1477385
2449293
3387003
3837693
3987091
4150519
4317732
4696752
4924732
5456233
5470738
5613960
5944880
6029456
6464398
6777085
6835693
7121573
7163204
7166280
7310270
7627546
7701725
7716003
7919533
7953460
8972019
9127859
9132668
9797637
9821365
9870285
9902207
9925063
10511592
10529847
10583797
10625386
10668755
10953736
11210918
11607378
11683998
11849322
11955735
12139775
12283220
12309840
12442189
13296758
13299943
13511821
13588006
13625896
13644808
13657185
13720849
13865493
14083587
14291705
14488180
14836431
15083573
15133025
15137700
15277599
15502185
15539214
16427384
16909647
16984952
17095067
17153019
17418626
17447928
17739648
18471292
18667336
18885058
19382687
19466338
19670247
19739264
20657137
20683076
21221160
21650676
22524050
22807857
23484262
23630732
23647770
23726560
23989574
24384297
24601526
24617035
24785375
24796747
24926318
25061913
25200905
25228838
25343705
25639374
25743369
25837867
26000449
26125122
26440634
26485588
26558519
26764202
26985174
26988834
27913353
28086107
28990382
29395665
29900933
30049272
30052475
30146129
30928480
31584261
31941276
32047055
32348680
32352249
32608422
33001400
33553564
33721490
33866569
33973378
34038160
34280892
34622318
34807446
34923523
35099264
36099364
36356156
36439704
36739943
37166957
37284761
37768928
37811177
38024434
38029851
38102888
38138434
38225567
38402966
38435266
38598424
39097748
39267071
39386697
39457273
39508171
39661179
39986999
40320276
40692663
40799383
41493271
41499683
41616209
41664515
41749593
42396279
42450170
42696674
42916093
42924888
43385943
44236285
44292396
44388054
44596415
45206098
45311240
45647543
45969883
46040716
46335042
46967200
47184285
47396522
47467657
47774916
48201583
48428730
48658369
48820444
49021602
49074665
49554190
50202032
50223763
50456996
50636483
50898034
51116308
51644991
51799294
52336877
52586560
52698696
53285035
53295089
53456615
55084478
55284505
55444681
55529922
55674100
55910281
56307989
56409989
57094825
57210453
57483250
57901458
57925064
58003402
58347328
58439463
58647500
59106131
59152137
59154797
59496283
59587914
59598160
59731954
59911886
60021143
60114170
60574088
60710004
60773136
61360746
61443069
61556181
61724438
61776503
61802678
62107724
62175274
62197396
62460482
62538802
62719398
62807526
62889670
63442299
63837609
63960892
64085600
64291997
64533912
64745815
65168868
65961815
65992379
66423736
67142229
67428148
67839284
68167000
69065563
69461484
69898664
69908427
70038044
70039124
70050090
70326061
70391577
70547974
70788527
70990354
71517622
71739267
72000198
72136732
72190587
72450774
72625301
72747821
72794098
72912215
73522831
74005936
74204329
74215601
74265383
74700030
74930807
76444732
76476514
77374670
77447671
77455070
77668376
77931104
77937671
78074801
78171391
78191052
78445017
78670828
78991182
78995790
79223420
79336724
79970144
80117879
80211461
80267675
80651801
80846452
81022700
81537060
82105144
82202548
82266108
83553056
83780255
83782355
84527433
84994381
85574994
85871157
86456434
86793758
87213431
87332852
87359972
87433522
87588280
87840418
88114534
88341658
88940567
89290391
89748626
90105437
90495878
90916564
90963300
91079095
91209752
91645925
92208364
92495821
92511426
92537816
92650670
92982649
93657528
93760875
93887235
94246881
94350275
94396806
94506767
94626865
94765015
94779458
95105643
95401852
95425182
95715274
95827248
96353345
96357406
96436527
96829082
96845771
96912294
97441180
97838373
97954922
98867906
99178360
99905061
100570123
101002585
101299517
101332081
101360632
101825064
101960791
102262336
102661416
102885766
102992486
103486827
103520336
103967243
104507104
104638025
105040137
105174753
105211086
105405261
105484395
105692270
105801849
105920988
106344956
106348131
106672881
106849356
106916782
107137791
107202706
107487533
107583214
107703729
107852950
108233393
108282045
108443777
108816900
109461542
109884055
109887335
110045431
110078814
110284845
110504582
110564176
110768319
111658392
111901281
112738829
112750934
112794207
113273676
113578899
114235527
114363057
114532948
114811166
115136949
115355231
115467813
115487390
115983129
116365574
116417743
116703306
116754061
116793927
117033484
117042516
117136373
117293169
117525642
117674625
117995781
118005842
118301270
118361610
119183226
119747651
119825009
119853607
120107703
120108955
120139186
120994169
121282028
121555699
121568863
121725624
121750760
122021561
122024340
122437823
122709075
123400643
123448577
124089091
124528026
124853828
125058683
125275388
125304603
125411265
126054759
126870507
127574996
127849774
128067405
128947466
129127319
129287445
130207182
130497897
130557183
130761177
130988819
131010382
131105993
131287503
131542627
132067085
132437253
132498842
132618274
133938960
134183198
134572024
134736743
134908582
135665067
135880705
136001616
136235317
136471694
136552537
137750916
138001466
138084626
138437786
138519034
138804415
139103183
139329526
139406273
139614122
139826454
139976217
140152328
140297275
140497243
140781263
140838567
141293995
141466584
141592135
141862119
142098501
142166486
142762145
143010435
143427500
143707672
143777471
143896331
144427075
144493252
144573788
145208369
145487111
145674701
146070423
146183197
146770556
146841824
146982402
147009882
147435925
148010643
148415223
148535525
149378464
149405206
149454651
149741102
149905452
150098780
150380159
150385267
150546951
150745116
150921027
151152601
151236673
151457569
151478861
151937025
152445866
152462839
152614793
152736863
152798393
153067346
153196250
153857166
154396789
154403020
154413882
154417140
154770499
154822242
155656939
156117884
156177465
156702839
156861062
157069216
157087454
157305413
157402761
157462468
157902430
157903325
157908134
158203642
158498379
158593215
159313464
159669122
159808616
159997485
160223323
160345924
160503234
160985883
161583405
161658046
162050783
162493459
162826473
162985626
163085644
163293724
163307022
163404845
164064773
164251776
164563063
164663679
165320777
165623454
165664591
165909056
165964595
166121257
167216507
167228918
167481581
168390686
169075557
169151562
169603723
169629454
169928734
170289042
171323216
171367300
171605294
171833281
172241553
172309053
172376324
172567326
172738685
173270903
173440423
173574397
173831883
174404403
174407709
174592237
174857572
174945604
175169283
175396794
175410528
175895616
176018331
176026101
176048123
176051153
176874201
176890107
177248691
177769354
177841278
177900516
177972166
178505912
178598402
178671582
178961310
179071559
179094827
179391662
179700916
179720896
180316483
180349284
181102687
181254646
181680425
181960425
182049227
182060090
182202307
182260634
182428981
183168933
183234081
183505324
183881632
184139231
184551062
184662321
184934179
185117114
185465973
185894547
185960848
185961809
186874269
187200293
187331973
187780455
187951108
188224002
188567906
189102242
189398362
189443657
189918067
189931655
190013420
190076268
190215885
190468116
190487117
190816253
191307060
191406211
192916855
193035444
193085163
193297271
193483699
193748909
194217415
194507327
194754528
194938537
195047730
195686191
195931524
195994581
196141705
196331991
197361632
197568350
198121159
198850999
198951394
199660417
200034759
200250709
200437741
200775978
200970103
201196376
201584208
202146973
202247177
202740415
202863845
203022934
203178240
203359315
204047316
204190552
204431318
204711424
204712582
205033912
205098626
205327876
205700881
205916110
206074763
206142562
206162002
206216313
206469835
206552724
206606265
207157802
207381706
207535880
207603860
207874896
208136940
208670325
208720647
208762885
209067515
209354809
209476153
209551571
209669548
209754970
209859053
209999941
210320773
211059730
211824849
212038635
212255682
212619531
213558645
213581068
213602871
213660574
213717451
213838222
214010523
214111225
214510589
214528532
214536783
214594697
215429541
215434891
215748133
215984912
216042122
216160196
216649475
216778118
216892491
217238210
217339058
217561695
217898256
218328406
218902693
219222671
219309246
219428250
220437897
220638713
220725746
221759373
222038451
222074610
222090160
222488143
222604483
222723921
223135717
223317317
223550688
223869854
223912290
224547323
224556779
225549007
225570002
225671926
225758639
225767841
225892989
226137981
226161577
226295994
226627309
226653838
226942888
226985013
227549604
227916252
227950662
228130093
228517925
228532261
228622921
228705582
228838957
228951424
229032761
229092569
229354351
229516702
229611134
230584087
230601115
231180206
231252247
231760339
231902405
232073228
232754738
232900194
233137769
233243577
233369775
233411790
233630455
233951182
234057792
234239468
234263576
234550289
234700332
234822672
234828564
234893241
235146367
235760705
235882502
236813814
236931675
238312751
238416594
238911137
239079267
239399067
240545037
240594203
240687661
241228243
241287280
241379120
241762379
241871952
242191165
242495242
242662448
243304012
243365719
243375951
243722944
244198801
244350243
244388335
244795549
244904027
244962627
245076224
245261243
245517681
246155595
246328480
246342028
246637256
246670830
247790698
248525939
248652843
248675075
248717341
248888213
248910433
249055842
249552230
249679042
249793217
250504336
250552001
250676402
250848388
251080323
251265696
251451820
251683403
251861406
252060561
252356303
252415541
253097890
253198518
253453797
253539897
253550829
254017608
254265614
254325642
254897174
255037044
255183432
255538650
256040721
256678327
257231784
257367172
257483325
257634176
257683691
257769464
257991837
258016520
258210754
258436328
258693402
258888190
259008785
259066010
259270285
259275082
259395608
259422492
259433339
260365404
260920579
261554458
262444021
262710031
262720386
263013233
263017732
263287171
263557228
263780552
263975805
264101457
264714521
264778195
265653892
266044184
266565966
266785750
266800916
267315905
267622519
267766187
267862073
267866678
268274891
268468488
268687555
268763564
268790029
269270169
269302871
269433734
269777866
269780896
270029260
270103520
270436878
270461568
270473544
270505329
270506547
271065545
271135591
271600004
271652049
271889831
272009280
272652023
272960652
273248624
273336191
273538527
273683647
273862348
273931698
274475704
274665658
274771588
275082824
275140329
275614747
275765650
275852410
275997518
276003929
276053436
276273435
276433480
276791239
276875710
276985199
277800703
277913526
278347001
278882891
278991684
279087570
279186325
279922343
280167363
280259425
280276811
280298818
280651724
281361390
281981564
282085871
282143909
282196135
282243996
282672480
283193799
283884518
284008138
286235693
286391803
286790940
286815652
286936425
287103803
287184658
287564013
287795160
288558383
288583904
288602783
288973656
289040538
289122352
289335465
289388036
289734434
290381216
290838134
291040546
291066739
291485678
291678210
292042565
292189660
292651692
292789322
292825423
292918698
293079597
293107523
293349640
294039201
294046840
294461742
295126865
295429262
295811965
295812384
295909478
296077299
296088103
296435526
297125836
297328613
297734221
297817670
297986145
298193723
298322931
298408727
298459985
298601900
298779475
298949719
298999879
299056299
299212751
299635338
299727760
300342764
301010457
301035055
301623501
301958783
302000615
302531480
302854315
302903136
303314397
303695852
303774592
303874164
304089273
304129617
304326716
304895613
305936222
306037633
306071302
306568477
307047454
307178830
307192131
307314682
307491682
307560396
307665744
307805360
307872283
307879972
307919238
307946832
308122524
308745954
309556976
309588816
309752471
310050340
310352577
310701718
310721385
311019765
311082091
311289283
311393472
311786947
312542426
312748269
313244728
313627094
313847806
314019211
314124096
314760994
314964498
315408796
315634249
315656061
316304890
316616406
316642005
317111777
317324723
317495908
317612161
317781540
317894477
317943319
317985918
318077103
318115582
318661346
318756965
318811807
318913339
319081376
319340188
319382302
319599164
320038155
320114971
320432377
320734159
320953611
321063308
321306386
321443366
321703548
322491813
322541886
322935131
322943418
323248534
323578860
323605769
323627081
323926676
324084814
324441170
324557439
324589012
325458073
325462451
326120920
327032860
327300223
327504643
327557512
327678691
328193501
328260625
328413926
328803272
328931898
329126906
329339421
329430627
329463103
329482974
329514399
329537882
329661560
329814895
330199174
330436545
330883013
331357167
331797925
332070865
332256562
332409896
332632313
332785752
332986100
333161469
333541148
333623132
334405164
334785719
334991554
335786793
336180874
336416027
336755096
337030160
337346195
337433771
337791084
338118277
338315299
338486362
338976678
339344509
339414946
339499935
339609937
339818367
339917422
341291850
341315238
341406901
341543173
342784392
342909162
343693931
343906089
344694091
344843990
345073308
345428289
345708448
345727783
346012691
346313474
346572254
346749368
347056463
348181519
348196172
348272127
348454081
349619497
349653243
349683843
350178620
350501741
350619747
350670084
351060181
351116453
351251374
351273197
351303912
351933340
352320531
352523300
353014650
353100966
353733075
353823515
353901282
354002679
355220876
355246528
355254044
355543491
356109576
356644028
357102101
357228122
357573865
357885344
358211796
358395187
358556306
358886913
358956970
359320251
359601941
359971003
360165934
360328156
360459401
360639974
360671945
360935228
360984161
361353439
361461654
361622065
361892806
362019167
362092778
362212613
362721439
363104220
363250041
363301875
363943223
363987956
364313735
364515865
365047205
365208367
365220756
365681242
365749325
365939444
366231782
366510021
366626609
366649345
366705573
367576709
368111856
368407880
368822836
369032025
369340290
369363398
369717145
369792296
370131785
370248162
370813733
371076671
371171068
371331209
372081017
372463077
372467263
372850438
372945626
373012325
373083854
373174012
373637688
373896285
373940897
374012192
374119226
374524427
374649822
374804040
374901312
375206961
375217679
375401811
375661405
375874724
376531381
376831135
377065255
377108074
377136444
377853181
377924214
377986265
378160512
378198469
378660976
378940378
379372515
379501574
379959754
380230312
380626369
380767815
381442964
381570162
381591952
381976623
382178722
382205582
382450227
382792702
383342981
383684721
383737738
383806335
383822901
383887238
384204184
384713886
384791752
385026546
385130718
385295122
385409383
385449424
385633757
385898207
385906218
386073216
386238553
386267389
386562365
386655746
387189983
387326114
387896738
388239700
388408240
388418607
388800308
388806261
389031294
389054903
389126953
389166065
389833197
390032806
390085323
390091967
390164176
390340056
390685789
391046274
391173050
391663613
391788147
391830625
392114179
392413365
392495188
392855994
393239114
393443675
393706686
393814765
394090663
394148247
394744289
394936432
395190357
395300762
395345979
396084455
396426237
396555382
397071068
397275738
397324069
397838949
398398204
398407144
399053091
399251687
399286879
399470498
399550241
399933389
400370739
400582615
400631206
400982373
401062509
401842630
401852147
403060872
403171414
403173911
403250857
403592956
404148424
404298027
404360246
404672375
404959347
405186175
405242597
405785287
405977322
406308777
406467609
406498844
406584368
406927391
406942453
406993710
407030554
407196603
407703131
407839381
408062104
408755723
408827954
408870104
409084127
409283819
409792855
410168482
410263132
410426817
411113365
411173191
411194171
411409597
411527539
412074791
412153614
412273506
412661072
412972007
413826427
414189293
414272493
414344388
414539135
414625752
414669909
414762473
415334102
415515873
415600277
415891686
416120073
416299731
416579704
416802922
416866651
417015437
417116582
417130043
417264668
417647755
417901935
417934991
418027736
418091210
418629016
418698163
418803285
419083502
419152296
419690893
419839739
419945679
419998513
420584319
421556507
422032823
422086782
422198838
422419963
422589490
422899055
423524831
423528056
423680309
424213135
424403400
424533177
425013724
425101623
425139499
425214632
425532050
425753584
425826754
425982946
426277488
426927002
427048717
427388793
428545133
428638199
428827952
429039205
429138257
429157261
429428704
429735495
429953004
430107016
430377921
431797010
432121515
432123827
432161743
433110144
433278178
433520532
433802238
433804096
433889638
433962367
434650972
434947273
435538386
435735391
436260095
436307417
436716666
437188686
437245170
437268633
437302733
438149900
438220684
438398529
439395623
439651856
439897779
440252352
440447335
441163923
441523512
441924480
442017416
442025566
442216223
442460746
442738195
443315198
443908458
443927223
444160840
444227099
444256246
444395271
444463615
444470136
444810396
445016783
445564095
445719739
446174202
446201777
446634758
446903747
447088765
447404955
447766348
447888254
448419914
448517710
448707318
448791091
449106185
449310569
449797710
449955697
450022575
450337063
450449110
450474078
450531525
450833521
451583313
452025117
452116136
452251547
452320798
452457613
452735972
453602621
454130638
454821447
455537351
455799795
455855318
456188650
456262189
456374450
456385334
456426670
456603329
457043168
458533863
458771355
458900300
458952537
459001572
459352332
459420069
459438085
459489442
460132166
460289463
460556543
460644306
460860076
460978437
461143099
461766153
462087959
462182808
462193412
462264657
462330113
462341778
462720877
462819011
462997610
463136663
463216046
464001997
465028016
465068386
465084663
465267828
465423900
465994937
466386701
466681697
466769698
467678935
467834946
467911747
468276724
468297930
468414633
468676943
468813871
468976345
469032757
469117661
469246782
469465917
469704004
470156172
470425132
470744836
470786755
470912710
470977128
471966500
472202664
472920468
473718530
474085287
474345132
474401863
474429668
474539956
474561417
474570971
475096479
475119632
475220940
475468176
475468599
476031124
476182330
476397416
477515234
478154781
478237949
478467568
478675157
478681219
478774406
478792548
478812676
479478749
479669849
479715110
479923150
480062224
480107346
480571385
480600576
480748303
480803572
480876765
481203329
481208838
481475417
481507515
481529709
481653330
481657848
481694981
481772905
482182242
483267552
483694540
484491191
484586498
484822192
484917080
485116130
485653682
485656377
485746607
486244616
486457166
486686294
486702790
486718315
487101589
487667473
487964247
487996175
488119569
488712788
488798219
488889618
489457510
489617117
489648441
489764038
489905679
490073961
490101031
490125088
490646311
491209606
491245163
491473703
491607551
491968097
492403842
492581785
492693562
492770742
492818978
492886985
492921717
493124315
493328010
493521448
493832765
494311220
494443124
494513315
494519046
494649866
494859905
495507770
495553038
496271558
496878767
496991068
497151299
497241649
498564810
498647252
498821593
498946659
499017696
499301336
499308329
499420522
499502741
499957807
500440184
501157071
501260975
501421117
501442048
501975610
501981328
502029251
502052230
502078425
502186836
502251399
502254848
502306947
502477209
502533942
502689319
502927119
503172081
503436415
503639546
504029689
504217786
504224177
504340400
504368108
504597781
505174267
505190491
505388002
505516913
506299939
507480006
507543714
507803537
507874502
508090765
508120344
508123541
508331467
508355564
508361805
509047694
509122192
509151296
509322127
509488855
510247802
510396938
510580048
510879763
511153315
511461516
511499909
511666148
511780096
512077269
512882327
512886232
513238371
513297618
513523007
513789259
513863953
513948798
514200458
514236310
514264936
514627723
514635637
514694847
515068710
515528085
515971508
516018854
516274374
516404987
516416232
516570061
516611926
518387585
518642636
518747742
518750579
518931978
519036361
519039584
519340169
519426751
519464460
520035887
520104691
520247296
520302873
520469646
520722610
520843855
521187630
521284191
521377327
522067133
522422695
522422769
522613721
522631887
522917293
523127639
523357483
523420429
523738262
523767394
523943590
525031063
525343592
525476632
525846811
525866853
526160797
526201168
526816803
526911401
527075139
527303663
527445457
527493309
528098399
528348191
528443282
528676006
528774601
528882975
528996978
529436918
529769707
530193710
530368587
530433107
530465615
531753375
531937327
532273444
532546205
532728920
533139254
533178088
533310638
533358770
533487950
533502696
533557208
533768237
533848913
534162193
534218471
534439877
534808425
534963039
535450950
535468071
535914283
535928176
536737477
537040729
537650173
537672700
537749316
538099586
538406194
539432893
539488725
539507834
539544875
539593821
539954952
540025114
540035657
540422550
540728633
540784761
541387328
541596383
541871547
541890399
542068471
542339972
542562523
542896906
542996091
543160788
543271417
544238283
544304946
544310941
544352427
544668692
544928726
544944336
546063271
546128781
546653274
546713711
546716154
546982015
547116903
547735789
547972645
548705280
549390938
549803763
550524301
550528282
550667454
550911402
551049092
551113415
551164929
551193627
551303581
552177642
552225526
552476708
552525542
552693837
552990767
553145021
553745410
553884799
554372112
555244224
555458083
555495714
555533899
555868272
555972562
556074149
556166487
556371210
556451998
556471070
556997651
557098611
557924654
557928394
558208045
558916239
559200395
559210604
559340409
559799197
560333350
560365438
560438465
560792316
560859586
560886550
560958116
561473012
561567744
561883253
562813875
563542302
564109744
565093041
565144656
565146095
565181593
565196766
565775864
565870171
565878206
566174914
566307766
566371351
566452567
566712104
568028967
568052692
569475792
569501923
570094884
570631748
570964303
571008070
571050943
571239303
571681598
571953162
572483213
572879766
572997033
573226742
573342441
573530016
573685558
573906109
573973935
574005275
574112713
574418958
574580082
574598060
574624907
575166469
575353336
575366522
576125985
576344525
576516764
577015036
577201865
577222318
578025222
578451010
578844142
578951471
579228095
579332652
579648958
579668920
579683908
580107368
580387340
580870495
581078364
581615955
581686049
581690719
581972025
582725624
582784249
583004153
583721960
583747610
583919338
584238274
584677544
585024080
585273867
585831056
586080350
586179709
586216224
586277865
586278429
587295452
587616505
587707927
587849175
587883229
588097669
588163084
588350216
588906234
589077394
589297263
589384633
589640608
589654794
589948252
590042862
590649403
590887007
591682365
591708597
591714290
591859396
591968446
592018950
592336297
592405744
592736305
592808869
593031711
593121848
593160088
593288268
593338897
593493504
593522911
593531745
593566369
593941344
594231311
594732015
594866641
595061059
595091564
595223935
595299323
596335531
596420831
596872843
597096287
597584207
598117291
598150235
598638070
598656555
598946657
599042605
599739456
600056851
600081921
600338343
600443301
600483512
600758741
600763466
600968448
601415960
601636077
601708404
602156567
602963094
603011345
603220577
603550810
603885209
603944607
604211765
604443720
604836728
605045423
605165498
605455736
605615413
605940209
605993393
606021512
606375586
606654094
606793811
607189246
607379907
607400800
607520072
608140448
608184974
608531629
608583920
608767498
609278203
609352849
609681328
610031648
611199854
611247964
611264626
611509633
611684910
611700356
612024331
612262102
613072432
613314465
614391454
614718763
615021371
615446970
615902942
616094595
616140382
616377386
616487871
616563880
616993001
617383293
617596878
617789778
617797453
617831355
618379846
619213796
619380124
620293729
620704672
621248664
621329696
622220081
622515465
622654832
623098880
623333530
623582552
623740541
624026985
624029651
624476797
624596235
625114582
625533842
626268992
626836248
627049888
627066745
627684854
627892048
627919029
628477438
628503805
629235888
629827264
629951928
630671623
630899367
631150804
631624047
632117683
632412214
632435056
632694138
632715514
633132025
633180239
633255349
633328376
633908826
634119702
634160853
634487901
634970300
634998867
636139823
638634344
638806431
639046312
639091731
639196064
639212310
639501760
639597210
639770849
640118306
640233118
640391431
641323593
641484052
641827713
642267601
642336645
642613391
642910095
643052171
643805584
644300361
644397935
644675712
644812695
645239458
645384205
645693565
646171899
646379948
646482533
646878944
647157658
647170900
647301106
647314234
647645294
647676310
647839824
648455254
648732561
648773443
649115262
649556323
649633445
650154597
650479947
650506175
650789235
650948952
651782939
651890018
651893059
651981068
652166903
652703562
652777355
652855236
653421114
653430670
654243068
654541251
654696641
654764878
654771214
655016724
655216976
655418371
655841793
656137833
656167778
656411539
656431422
656572006
656756968
656931000
657041456
657292374
657417897
657507579
657624241
658660180
659346471
659905746
660155158
660522862
660548513
661291678
661727499
661893330
662924823
663533934
663558937
663748925
663999311
664340609
664455579
664796698
665162628
665531037
665565064
665810125
665901012
665918744
665961138
667007601
667805860
668105108
668814945
669383351
669384277
670050208
670213460
670847718
671482227
672189411
672762568
673057756
673081764
673182090
673305171
673543600
673741741
673835916
674011526
674559158
674744761
674768840
675554329
675769750
676071686
676309560
676358329
676420128
676616002
676918394
676975087
677178012
677484615
677573930
677979007
678226228
678398302
678595502
678781622
678806075
679372836
679421139
679686093
680101726
680194656
680211112
680307135
680326585
680896418
680998469
681046919
681230082
681333592
681481514
681500988
681596375
682116023
683237966
683379207
683632301
683659669
683768660
683826461
683953489
683992028
684016960
684330433
684574240
684667012
684978297
685113137
685149084
685424213
685716156
685746170
686193465
686204479
686378702
687078982
687268390
687990412
688523737
688540268
688672593
688909410
689013705
689018415
689407351
689737736
689779409
690243352
690744897
690775423
691138937
691183155
691188011
691342266
691490276
691880214
692149701
692807934
692959145
693119867
693318623
693345626
693560224
693606765
694216599
694681223
695131624
695382616
695423450
696255102
696268136
696428181
696621712
696753503
697020124
697486739
698377722
698954137
700266718
700477960
700589298
700951487
700998534
701039094
701733114
701873788
702017855
702437114
702591785
702991610
703081813
703176042
703269291
703353690
703457318
703504555
703673293
703802989
703821328
703847979
703930863
704130545
704142946
704163434
704551508
704567418
704619811
704845792
704902065
705122170
705741911
705806804
705911346
705962543
706189056
706409277
706818467
707064329
707172004
707198036
707231799
707294710
707584219
707929036
708436141
708472338
708474755
708752325
708969566
709330603
709486367
709535863
709929636
710987033
711131090
711325911
711398330
711412322
711479981
711678817
712295269
712637223
712652035
712935706
713298934
713414981
713424126
713790186
713897059
714237308
714312346
714489367
714958720
715023871
715490052
715563919
715583965
715624424
715652312
715700469
715739749
715798668
715857602
716011312
716239513
716476028
716519187
716585086
716604820
717323553
717980547
718007830
718065582
718278934
718470725
718824916
719268553
719393135
719455131
719590855
719887561
720190554
720569698
720914050
721008876
721312317
721673207
722699070
722851809
722968998
723541002
724571129
724715958
724739291
724800517
725213382
725370631
725435287
725549349
725954931
726718608
726850940
727357994
727475230
727546934
727590810
727823186
727891470
727997445
728838589
728848900
728855435
728937008
729384515
729714891
729746508
729801669
730171867
730295033
730733503
730883109
731034786
731399563
731604700
731699142
732285829
732442319
732525366
732762596
732921237
733036591
733141436
734285028
734285763
734322951
734450572
734521250
734872241
735015367
735250068
735299430
736219736
736259065
736356813
736659837
736824004
736889437
736972320
737030934
737065739
737430752
737482468
737938842
738897023
739229172
739457174
739777419
739809016
740566470
740762065
740826293
741158307
741288735
741647989
741653854
741731756
741739375
741819807
741848008
742026068
742087569
742196856
742353933
742487358
742494004
743292443
743462484
743495674
744631210
744839681
745231107
745293540
745296022
745377594
745570630
745578332
745620472
745731907
746271618
746337698
746457180
746896737
747449390
747704384
748156209
748209598
748326808
748810296
749089846
749370730
749593760
749612011
749690636
749907950
749909265
750002822
750163501
750604041
750841176
751017245
751122984
751372025
751389600
751979034
752216411
752274180
752496829
752596150
753097052
753438130
753791394
754067011
755260447
755892082
756704934
756923617
756936617
757027215
757177075
757183177
757375141
757417838
757563140
757568829
757659289
757694646
757887193
758325475
758638210
759345694
759604620
759853448
760086701
760125146
760272614
760678687
760711101
760839816
761145589
761376000
761836105
763425189
763772068
763898561
764569407
764799216
765189538
765631571
765682317
765690634
765861496
765862240
766018235
766787916
766820223
766863753
767021593
767084170
767291020
768265051
768354495
768948079
769274934
769381736
770238819
770284690
770350557
770707992
770794600
771180737
772145472
772274270
772281276
772628783
772962939
773704040
773888549
775419084
775730399
776091075
776445681
776631430
776810094
777291912
777628968
778025551
778730717
778750645
779127565
779209091
779248524
779408875
780331992
780486169
780658523
780670209
780720103
780985773
781161334
781425060
781596955
781726374
782530990
782623780
782979392
783112664
783473303
783692381
784023256
784277728
784803375
785132402
785262248
785277147
785297525
785422744
785789788
786003914
786078025
786588221
786636194
786933663
787015299
787111255
787807477
787814816
787987581
788411560
788670877
788956411
789051242
789100249
789391847
789670478
789822249
789910332
790880691
790948958
791021131
791031619
791327981
792457165
792488271
792492369
792588553
792850728
793208295
793217059
793250369
793384366
793508475
793995415
794897132
794942021
795504831
795793163
796326991
796572199
796675657
797033371
799253612
799548108
799767833
799841890
800081231
800220771
800258653
800294356
800647011
800828101
800994338
801229799
801350531
801410234
801658115
801967375
802618468
802719348
802722888
802987504
803128721
803326593
803534434
803595196
803733389
803782218
803794452
803976014
804012727
804271876
804354389
804923315
804955828
804974616
805371126
805484511
805601966
805679413
806171485
806410509
806446813
806885641
806913121
807402260
807475696
807535080
807840028
808158218
808720352
808862748
809536025
809863398
810021869
810057766
810083291
811192977
811617738
811821108
812296979
812524956
812782478
813306960
813331880
813471824
813497490
813878918
814031166
814303817
814469194
814484284
814529842
814668160
815108561
815538504
815682251
815855600
816207084
817615881
818014009
818532877
818828778
818906787
818985893
819071229
819073767
819115824
819145281
819629929
820053882
820322615
820529443
820595299
820735165
820747552
820944172
821260526
821440129
821628565
822055362
822255901
822448089
822643638
822832444
822974105
823162141
823283530
823612746
823638473
823829987
824144975
824305469
824514178
824730476
824952549
825053033
825622497
825955580
826152657
826376511
826454910
826758250
826971318
827212433
827291930
827360378
827988911
828517870
828857720
829119744
829308159
829485823
829684924
829708663
829755627
829874415
830031918
830558732
831031109
831112497
831867514
832212504
832531787
832571393
832714339
833057438
833228332
833231996
833260065
833293047
833885461
834367889
834706876
834729957
834749289
835070788
835457974
835983081
836428883
837114480
837198459
837214352
837710320
838615845
838914173
839343347
839848976
840764864
840808318
840877410
841122774
841291426
841385903
841703777
842587803
842689837
843038215
843065541
844134230
844465773
844714231
845093114
845204883
845353666
845874955
845969102
846660255
846861503
847033809
847131490
847530089
848002778
848051167
848071073
848250504
848267876
848843693
849263718
849909832
850375134
850701576
850753792
850908322
851092473
851665797
851806845
852048851
852081704
852086573
853344138
853439986
853859733
854074211
854529679
855001860
855488452
855690951
855983666
856538991
856556244
856753494
856755089
857337103
857645937
857675248
858044906
858162214
858245690
858302557
858622350
858966464
859066869
859400912
859516322
860448220
860517911
861533358
861979433
862333405
862938322
863276498
863729820
863768160
864268157
864399452
864691478
864932477
865031659
865247990
865475658
865824451
866027261
866091799
866389484
866648172
866999101
867227918
867522124
867603154
868217006
868555084
869442632
869513073
869664357
870092926
870550048
870605674
870667164
870938918
871211706
871495972
872212452
872459224
872674786
872779711
872898154
873431101
873573972
873896560
873959065
874074564
874256637
874266321
874821383
874830797
875310300
875339696
875956763
876316664
876733111
876783309
877011315
877431844
877529332
877712334
878356272
879274032
879281523
879374049
879464742
879550423
879611347
879805205
879886168
880315075
880398103
881014227
881319689
881323308
881377069
881445259
881537811
882030473
882704802
882765153
883015039
883271505
883281827
883745728
883849496
883869104
884431961
884607815
884898603
885053370
885054343
885110137
885246501
885303837
885590096
885690000
886454247
886774551
886809282
887061927
887080298
887301400
888049500
888197520
888260030
888581909
888717171
888787644
889484943
889590025
889690287
889820764
889879302
890280138
890314679
890682345
890796425
891164007
891224191
893296567
893357505
893581388
893795735
894348674
894710247
895199015
895506693
895682518
895777597
896020111
896223272
896565769
896598323
896810656
896879330
896921986
896930819
897183446
897383136
897486754
897598650
897806718
898068779
898132689
898370542
898377456
898602996
898928251
898995129
899015426
899092263
899284489
899403278
899554533
899573031
899808306
899947574
899963251
900102273
900294919
900346393
900557158
900703339
900970457
901079327
901176794
901244597
901364914
901427803
901588363
902171609
902236929
902471137
902573480
902597140
902616279
902629575
903035448
903486917
903627763
903694505
903728062
903801729
904633815
905302203
905400874
905651528
906931805
906997187
907607402
908105412
908148073
908301623
908511158
909738658
909751472
909880830
910033870
910053324
910245034
910333152
910597894
910710062
910939475
911170805
911462607
911556907
911851538
912526896
912747488
913233040
913377052
914547950
914804405
914949951
914994968
915099822
915261559
915299535
915554243
915673567
915676770
915718696
915900311
916156880
916240467
916524038
917086635
917130808
917447002
918182335
918351137
918529545
918749390
919117645
919124237
919394155
919646343
920515100
920566458
921076639
921295856
921392084
921487738
921501930
921502903
921637792
921696502
921714493
921873431
921901031
921908585
922245761
922665595
923648953
923731378
923801216
923946663
924267190
924389085
924461112
924541749
924547756
924931590
925213888
925409603
925746994
925838628
925922808
925963717
926138262
926145179
926254933
926624327
926913340
927026761
927342088
927345723
927777482
927831215
928241980
928511270
928560501
928703543
929158491
929240543
929658595
929790776
929884931
930630412
930750067
931136168
931193714
931240102
931330736
931553137
931779929
931860906
931903809
932089220
932149596
932502639
932792979
932808875
932817242
932823541
933154997
934174024
934395170
934491833
934493525
934744325
934778872
934961651
935055669
935207947
935611951
935773575
937362287
937691943
937913851
938083378
938239639
938242738
938310652
938353431
938683187
938935444
939471431
939523211
939929968
939994182
940047519
940263685
940320048
940427498
940863637
940948817
941622470
941706204
941778643
941886831
942004763
942014448
942156956
942250358
942344941
942441372
942594840
943214848
943999790
944288594
944539171
944899113
945166938
945391174
945393648
946021431
946506340
946592487
947446236
947597656
947768849
947868263
948013717
948087275
948194565
948235897
948747849
949603470
950186718
950242924
950300534
950331660
950575847
950841308
951659711
951766370
951970903
952149721
952472209
952567705
952756464
952888300
952893344
953016530
953608447
953725739
953849171
954138655
954544890
954683857
954998546
955032586
955528293
955741037
955918208
956241579
956283543
956799562
956903122
957478277
957527361
957585275
957757671
957814583
957906273
958122315
958338601
958412674
958464285
958521182
958554224
958565625
958774880
958872703
959413252
959714541
959852927
960051721
960074299
960125416
960226700
960663391
960812861
961297619
962140448
962645003
962845613
963135712
963345378
963371760
964082003
964165355
965109819
965864395
966456992
966522705
966783180
967008438
967103265
967343727
967359342
967521608
967946293
968094779
968419305
968656825
968677641
969897395
969970342
970028539
970325750
970405425
970493375
970619562
970916939
970944343
971320775
971872387
971890666
972048844
972105128
972472077
972611846
973342231
973649490
974180630
974359682
974898428
975326507
975371835
975696538
975799847
975848660
975927920
976313622
976756193
976920898
977354276
977393385
977617936
977946317
978573140
978792364
978850582
979603584
980036600
980693341
981063015
981247018
981575786
981588514
981589995
982170087
982542909
983201306
983226615
983444770
983468631
983891634
983915386
983971208
984666755
985707956
985843526
985875664
985895379
985952567
986233567
986340822
986671789
986890509
987500083
988105341
988269009
988947291
989308901
990006334
990044248
990099782
990132874
990309787
990360529
990421818
990902571
991000027
991255783
991772117
991913600
992125161
992196901
992574862
992957145
993299379
993302462
993662672
993720631
994181834
994250301
994493598
995525795
995601359
995682658
996180423
996386602
996575154
996662861
997092389
997096241
997366722
997619402
997898624
997979949
998454421
998686749
999233964
999377916
999470625
999503740
999730205
1000428848
1000840692
1001232591
1001234196
1001691196
1001731442
1002540130
1002577142
1002774270
1002837180
1003242303
1003383968
1003569905
1003670094
1003716831
1004015834
1004131651
1004272572
1004347419
1004485711
1004550569
1004735755
1004831156
1005497674
1005573032
1005676708
1005935171
1005945175
1007230428
1007742043
1007758783
1008275787
1008306424
1008548054
1008558813
1009876106
1010005530
1010846103
1011149209
1011532003
1011902072
1012155734
1012531914
1012539791
1012743745
1013040546
1013047633
1013232263
1013434924
1013582831
1013623151
1013778003
1013986766
1014185691
1014246144
1014325984
1014794303
1015167231
1015315313
1015696484
1015703977
1016134779
1016199283
1016396862
1016581354
1016631657
1017527024
1017561264
1017891366
1017958828
1018377856
1018595736
1018600983
1018743501
1018830089
1018902764
1019043697
1019058042
1019157689
1019646405
1019906967
1020375367
1020430603
1020432574
1020569772
1020834896
1021009180
1021972117
1022017215
1022186916
1022334238
1022378479
1022571424
1023118317
1023147731
1023553386
1023962440
1024086031
1024315999
1024522861
1024626565
1024662761
1025064364
1025333879
1025368834
1025491052
1025877398
1026074388
1026659867
1026675491
1026821245
1027489837
1027523933
1028165247
1028376170
1028941649
1028962302
1029032725
1029122185
1029280838
1029393522
1029552454
1029681186
1030078414
1030213504
1030262515
1030390086
1030393494
1030950135
1031145538
1031282674
1031520568
1031710261
1031725672
1032248711
1032625502
1032698331
1032998914
1033354995
1033600740
1034279135
1034321156
1034390092
1034861609
1035054443
1035112875
1035294568
1035444985
1035814425
1036023133
1036814757
1037351560
1037382357
1037688645
1038125484
1038203810
1038285649
1038366019
1038379207
1038708328
1038775060
1038859197
1039054266
1039566968
1039821790
1040055403
1040127143
1041345332
1041488840
1041575595
1042182337
1042270417
1043017014
1043254007
1043304388
1043457182
1043547453
1044033968
1044313406
1045164969
1045511353
1045622548
1045688323
1045841156
1046210267
1046265538
1046398222
1046666966
1046870463
1047184579
1047243020
1047922560
1047936320
1048050546
1048317177
1048330310
1048662723
1049078141
1049312567
1049450494
1049574893
1049649382
1049738210
1049849232
1049927366
1050017003
1050485853
1050578265
1050615979
1051105915
1051370265
1051579307
1052451200
1053000340
1053012876
1053191123
1053319521
1053891405
1053981998
1054004458
1054370454
1054658217
1055081919
1055542447
1055738494
1056029460
1056562627
1056684875
1057063789
1057763494
1057890627
1058163036
1059008277
1059024331
1059416237
1059446006
1059803392
1059915467
1059983744
1060880423
1061016871
1061042793
1061672656
1062395322
1062497108
1062611720
1063629486
1063911306
1064109095
1064533994
1064782725
1065167513
1065220885
1065512079
1065780581
1066350066
1066716321
1066733055
1066745570
1066869945
1067029246
1067155842
1067507276
1067968445
1068291443
1069762217
1069781852
1069954361
1070074221
1070459508
1070487003
1070968219
1072031006
1072698552
1073322208
1073334223
1074113769
1074346186
1074709563
1074917631
1074924953
1075373689
1075396972
1075498929
1075728955
1076093671
1076204163
1076783008
1076883935
1077005367
1077251176
1077557901
1077645537
1077659498
1077784102
1078036355
1078637021
1078648804
1078817723
1078863907
1078988805
1079283931
1079365042
1079961339
1080212047
1080502193
1081285817
1081938688
1082342928
1082498552
1083055780
1083690278
1084412912
1084437104
1085108848
1085110103
1085142795
1085183823
1085264701
1085267505
1085361973
1085425889
1085524615
1085815817
1086356324
1086448296
1086852588
1087056018
1087549511
1087709089
1087997045
1088214638
1088350501
1088449409
1088990092
1089313288
1089427025
1089583333
1089934370
1090045333
1090400707
1091532151
1091711017
1092324468
1092601341
1093260301
1093345103
1093430837
1093621471
1093887055
1093962185
1094273893
1094682395
1094846861
1095057788
1095482044
1096377158
1096865046
1097150228
1097725161
1097855769
1098450480
1098472336
1098480975
1098687279
1099355126
1100186130
1100207869
1100222947
1100394545
1100776873
1100992424
1101538634
1102070854
1102168148
1102540341
1102546963
1102945983
1103621358
1103950096
1104112764
1104191907
1104953555
1105237822
1105283008
1105292878
1105755423
1106693731
1106761822
1107007492
1107524085
1107646944
1107927473
1108100422
1108339682
1108344081
1108417888
1108648224
1108730848
1108966903
1109015967
1109329334
1109710849
1109712166
1109737734
1109785449
1109910591
1110052940
1110056574
1110438001
1110827748
1110977845
1110978509
1112322153
1112374431
1112548484
1112639681
1112673232
1112757933
1113335981
1113598621
1114056740
1114372601
1115553331
1115654531
1115800628
1116020283
1116110355
1116139181
1116426724
1116502454
1117120293
1117397237
1117756366
1117765368
1117780844
1117959787
1118060768
1118279172
1118325138
1118463254
1118500420
1118599242
1118768706
1118777802
1119130529
1119522318
1120131559
1120157362
1120174204
1120221903
1120257796
1120507535
1120644765
1121023013
1121550835
1121554018
1121624550
1121925480
1122343522
1122426860
1123584160
1123910410
1123934092
1123957626
1123997577
1124240803
1124507538
1125294794
1125363691
1125910341
1126019137
1126073696
1126298172
1126458982
1126486748
1126498368
1126551007
1126757219
1127214972
1127271157
1127513754
1128237501
1128384923
1128733987
1128868556
1129032551
1129110451
1129476438
1129975781
1129998632
1130167404
1130196790
1130481710
1130544286
1130548451
1131116525
1131202499
1131767206
1132245274
1132854830
1133299793
1133897995
1134632980
1134756044
1134841071
1135103645
1135441060
1135956725
1136211357
1136241464
1136633400
1137272069
1137418786
1137867568
1137876919
1138072340
1138163983
1138215270
1138566718
1138633082
1138766919
1139341371
1139487810
1139675084
1140157433
1140368205
1140426469
1141112754
1141120983
1141234363
1141259239
1141650765
1141850774
1141951463
1142008898
1142094655
1142989747
1143525615
1143655923
1144795624
1144921497
1145491381
1145642293
1145784331
1146643932
1147021143
1147199666
1147526281
1147553152
1147788863
1147891693
1147940072
1148262750
1148705154
1148755646
1149043051
1149321081
1149324974
1149403771
1149514220
1150249679
1151171851
1151325699
1151448717
1151704010
1151878534
1151966036
1152004488
1152146423
1152522575
1153367239
1153386485
1153573152
1153722844
1154068932
1154133606
1154543883
1155384403
1155542850
1155683048
1155806488
1155871584
1156198855
1156323741
1156419902
1156437441
1157155008
1157737398
1157899820
1158538249
1158598691
1158691299
1158889508
1159094961
1159437494
1159830495
1160542524
1160850601
1161076698
1161706006
1161772817
1161910740
1162321607
1162607054
1164241908
1164546959
1164569237
1164772499
1164816137
1165671370
1166190022
1166402604
1166492383
1166534650
1166542134
1167060771
1167452785
1167534416
1167617819
1168421653
1168567266
1168652180
1168655800
1168879721
1168981370
1169158204
1169688956
1169802374
1169829043
1169884233
1169938797
1170827360
1170959557
1171259187
1171405249
1171516494
1171544439
1171829781
1171971569
1172004367
1172094831
1172142332
1172675894
1173332384
1173454908
1173580972
1173747743
1173909463
1174280560
1174904463
1174914331
1175996464
1176109458
1176252237
1176741228
1176770199
1176898053
1177038705
1177243821
1177284121
1178402106
1178639310
1178657115
1178952324
1179179480
1179368817
1179372617
1179793226
1179955220
1180306359
1180424941
1180973636
1181202546
1181525698
1181666038
1181895583
1182114889
1182520812
1183129412
1183467753
1184031816
1184811042
1184887331
1185032852
1185163994
1185329340
1186691078
1187528647
1187794680
1188111357
1188535966
1188556426
1188620171
1188686826
1189889300
1190071877
1190193046
1190371567
1190515891
1190807786
1191032341
1191139799
1191325362
1191589904
1191754131
1191885499
1192039178
1192082231
1192323525
1193365958
1193636210
1193703043
1194020189
1194158625
1194278401
1194439430
1194601993
1194700719
1194733507
1194998350
1195460198
1195573188
1196513592
1197125680
1197197083
1197211633
1197346462
1197400328
1197673924
1197973811
1198715659
1198766052
1198875702
1199008351
1199132823
1199140948
1199653502
1199814182
1199876090
1200131737
1201164145
1201377820
1202181783
1202261718
1202319967
1202360840
1202741670
1203235134
1203641148
1203842148
1204453805
1204957873
1205103892
1205650451
1205750909
1205762488
1206285856
1206326770
1206337804
1206618436
1206627231
1206699378
1206828639
1207028479
1207423835
1207964728
1209464168
1209508086
1210167297
1210494094
1210577617
1210662165
1211352706
1211365125
1211742543
1211985970
1212092690
1212125712
1212135436
1212362264
1212739841
1213018660
1213773043
1214098743
1214247257
1214369597
1214741750
1214762745
1215072489
1215547262
1215920136
1215953166
1216280193
1217600625
1217637238
1217679818
1217712256
1218659457
1218774160
1218977076
1219380556
1219384123
1219397951
1220260616
1220375397
1220389269
1220614131
1222145715
1222373904
1222427140
1222500331
1223302241
1223446087
1223479028
1223620913
1223667863
1223720142
1223782007
1224679012
1224894676
1225237873
1225875640
1226273788
1226279789
1226401569
1226551937
1226858935
1227035444
1227289692
1227383139
1227405277
1227536443
1227570032
1228042678
1228481096
1228535891
1229232312
1229324480
1229590792
1229646990
1230657369
1230902454
1231357906
1231387170
1231512684
1232073797
1232344317
1232373423
1232670272
1233179032
1233224123
1233555663
1233889015
1234277134
1234610493
1234844598
1234986237
1235232963
1235984191
1236438247
1236492036
1236782551
1236863390
1236932814
1237537489
1237545909
1237591166
1238167883
1238267019
1238697191
1239138951
1239174732
1239617607
1239764383
1240291394
1240599188
1240636045
1241043850
1241359085
1241496278
1241677646
1241881610
1241945596
1242292370
1242321387
1242473610
1242742319
1243261400
1243759263
1244469614
1245292876
1245544626
1245943493
1246093184
1246095165
1246334315
1246372890
1246543527
1246579820
1246767018
1247082550
1247109736
1247470559
1247709646
1248290735
1248842942
1249040720
1249722695
1249807706
1250252730
1250353751
1250372299
1250716437
1250784216
1250946077
1251110125
1251517526
1252407891
1252411801
1252554144
1253184452
1253405185
1253646608
1253920954
1254179855
1254214008
1254220760
1254245856
1254528890
1254806890
1255116261
1255385911
1255453037
1255740827
1255932660
1256333501
1256395860
1256601821
1256972856
1257409929
1257458809
1257568349
1258249127
1258942608
1259613110
1259712979
1260140357
1260584623
1260841010
1261528256
1261545183
1261785057
1262449689
1262553923
1264031800
1264329103
1264545550
1264567230
1264676157
1264841668
1264884281
1264952922
1265113368
1265144021
1265239748
1265305761
1265378682
1265786413
1266163068
1266365724
1266446026
1266609239
1267098066
1267345476
1267465566
1267483090
1267520501
1267598942
1268080672
1268251084
1268374937
1269093904
1269114472
1269320324
1269508963
1269536019
1269560059
1269562497
1269693743
1270475272
1270591154
1270846677
1271082087
1271102417
1271148094
1271421144
1271533972
1271825345
1272127655
1272903855
1272921378
1273275447
1273315604
1273553074
1273995099
1273996155
1274011997
1275155557
1275233683
1275240354
1276142636
1276459309
1276462785
1276665668
1277308957
1277382055
1277562936
1278501110
1278714354
1278961459
1279046933
1279191043
1279229506
1279559171
1279964634
1280254629
1280384857
1280972775
1280978210
1281092346
1281095473
1281321369
1282081223
1282174364
1282446658
1282703195
1282759426
1283245871
1284436270
1284446598
1284703745
1284932223
1285690561
1285744344
1285746493
1285797521
1286271099
1286466281
1286537936
1287020042
1287117328
1287249188
1287330847
1288270368
1288615544
1289054360
1289933729
1289994334
1290025191
1291240947
1291563214
1291866215
1292193251
1292536305
1292671351
1293122153
1293724890
1294179043
1294266835
1294288902
1294438043
1294690777
1294804231
1294945498
1295016835
1295019332
1295044856
1295215907
1295707928
1296230759
1296354050
1297304387
1298342541
1298378824
1298562918
1298742545
1298893000
1298933473
1299015904
1299079847
1299521555
1299892237
1299979856
1300398875
1300459067
1300592795
1300704665
1300966519
1301022681
1301330388
1301889502
1302063261
1302374176
1302449693
1302842157
1303219669
1303798647
1304505080
1304685415
1305032761
1305048636
1305186063
1305189847
1305287583
1305767759
1305774612
1306368198
1307246380
1307437117
1307796282
1308155529
1308341116
1308425165
1308803582
1308997350
1308999221
1309642198
1309849589
1311514892
1311570701
1311863723
1312335262
1312468837
1312629683
1312700954
1312776832
1312917830
1312956223
1313500896
1313645379
1313949461
1313977618
1314217300
1314412210
1314911477
1314930742
1315068991
1315191963
1315388694
1315421442
1315639275
1315788109
1315878704
1316344210
1316390486
1316470870
1316546945
1316818282
1316878714
1316898198
1317195129
1317249906
1317409332
1317422591
1317469548
1317575471
1317588388
1317811809
1318216309
1318504910
1318857941
1318935618
1319051872
1319563511
1319788345
1319928509
1320594713
1320705359
1320978795
1321002316
1321023840
1321211691
1321562589
1321679794
1322651164
1323193142
1323611235
1324097141
1324109817
1324136921
1324294760
1324407016
1324491121
1324666572
1324716159
1324924906
1325438156
1325953845
1326163106
1326662952
1326878845
1326982503
1327207590
1327640064
1327800060
1328018567
1328706660
1328899047
1329318460
1329490344
1330230387
1330379845
1330700577
1331262050
1331367930
1331738036
1332902503
1332921402
1333059865
1333195752
1333760696
1334297719
1334429658
1334489402
1334526029
1334975666
1335598005
1335923632
1335981025
1336400127
1336822254
1337418332
1337508906
1337525453
1337598408
1337609860
1337896472
1337921634
1338235307
1338362270
1338555441
1339254683
1339639474
1339926873
1340135787
1340406620
1340842595
1340847437
1341258450
1341322855
1341393545
1342148714
1342240183
1342895221
1343371667
1343411303
1344382700
1344538403
1344995917
1345053239
1345151806
1345833565
1345947372
1346256123
1346365190
1346772518
1346849889
1347027855
1347081911
1348153376
1348618167
1349114169
1349302108
1349363512
1349772248
1349895078
1349896503
1349933424
1350065252
1350142159
1351387484
1352266756
1352268954
1352556502
1352566905
1352689873
1352832766
1352861010
1353665413
1353988958
1354189453
1354216109
1354267383
1354304580
1354627586
1354728759
1354763926
1354775272
1354787684
1354940004
1355574687
1355577609
1355669793
1355877114
1357232984
1357348139
1357810782
1357925877
1358057216
1358407918
1358961091
1359028892
1359259073
1359708916
1359738847
1360102895
1360154717
1360263879
1360546829
1360562745
1360987924
1361115779
1361201465
1362238712
1362330238
1363199285
1363241255
1363693574
1363851448
1363998291
1364488457
1365070040
1365121728
1365170384
1365179254
1365545360
1365776182
1365871143
1366508132
1366579093
1366690982
1367203201
1367269184
1367327554
1367448642
1367527825
1367733460
1367778168
1368478209
1368583687
1368696441
1369128973
1369142423
1369340629
1369437408
1369706891
1369998787
1370042310
1370162141
1370326454
1370581967
1370594390
1370629167
1370999398
1371833443
1371882752
1371982925
1372288882
1372336424
1372503015
1372601308
1372720740
1373147747
1373361197
1374295529
1375113915
1375163932
1376086781
1376089325
1376730449
1376844976
1376902745
1377070734
1377092108
1377428117
1377644318
1377822770
1377885213
1377986643
1378125045
1378199730
1378261079
1378340062
1378394444
1378707761
1379020959
1379189970
1379447575
1379454946
1380552415
1381943812
1381956827
1382029893
1382408851
1382965225
1382993820
1383012915
1383037482
1383180696
1383330584
1383422547
1383603184
1383700239
1383963639
1384673940
1384736073
1384856003
1384972188
1385129969
1385189467
1385286300
1385771789
1385971632
1386203667
1386289580
1386292855
1386466953
1386583072
1386846113
1386996399
1387186376
1387541177
1387687052
1387927468
1387959929
1388085714
1388187868
1388582660
1388685991
1388844948
1388907179
1389065915
1389338739
1389535995
1389631540
1390100475
1390702253
1390764562
1390866631
1390991590
1391845698
1391945622
1392636921
1392688364
1392909586
1393336194
1393989497
1394452962
1394700175
1394877246
1394983582
1395225883
1395245045
1395584442
1395596135
1395833248
1395870521
1396447823
1396567124
1396784210
1396834340
1396936113
1396971368
1396983990
1397534439
1397568054
1397755793
1398851055
1399057666
1399100514
1399149618
1399292992
1399411768
1399659491
1400097023
1400216315
1400387836
1400657786
1400879147
1401377272
1401469922
1401854784
1401946260
1401965857
1402175363
1402265468
1402556392
1402563351
1402607496
1402812145
1402845223
1403274681
1403419058
1403753315
1403791554
1404175853
1404334830
1404547305
1405150277
1405354536
1405848656
1406098512
1406275386
1406517147
1406663000
1407688532
1408289946
1408367258
1408942550
1409045022
1409084661
1409222469
1409767299
1409983336
1410847728
1411483763
1411613375
1411725422
1411940903
1412048945
1412595731
1412607331
1412828583
1413048900
1413284292
1413472128
1413641089
1413846552
1414017013
1414341776
1414351840
1414556590
1414687321
1414962785
1415392456
1416144311
1416317849
1416618363
1416692930
1416870848
1416923544
1417322986
1417618853
1418344620
1418383517
1418567753
1418690887
1418758670
1418788685
1418805465
1419218442
1419318223
1419381714
1419581144
1419907827
1420311515
1420366918
1420396317
1420791930
1421817832
1422080946
1422095166
1422233431
1422657600
1422801209
1423151178
1423177517
1423241442
1423373320
1423465463
1424140531
1424217415
1424882398
1425110880
1425363579
1425524412
1425725880
1426102741
1426250348
1426347485
1426481979
1426705657
1426839894
1426914849
1426993154
1427104086
1427657257
1428174252
1428210942
1428555766
1428820347
1428945754
1429278869
1429384613
1430004741
1430508435
1430796439
1431939927
1431961445
1432164435
1432593134
1432696489
1432699152
1433470638
1433878554
1434410067
1434495964
1434628351
1434885824
1434896143
1435541617
1436233753
1436489316
1436691290
1436849036
1437209951
1437316498
1437544842
1437551067
1437713957
1437768824
1437918205
1438111273
1438564786
1438949691
1439223708
1439387625
1439795797
1439884269
1439887228
1440217744
1440327680
1440761393
1440827983
1440950760
1441314747
1441315784
1441330720
1441599457
1441971373
1442308986
1442384899
1442405685
1442416540
1444096025
1444209288
1445858122
1446310867
1446572087
1447045019
1447310712
1447331722
1447551767
1447572267
1447900594
1447983901
1448036619
1448124001
1448179398
1448445045
1448551647
1449030554
1449108925
1449819313
1450620362
1450711683
1450748323
1451019905
1451145065
1451851313
1452346599
1452492947
1453201956
1453278379
1453496680
1453653241
1453736021
1454212505
1454558832
1454900260
1455655448
1455719758
1455826796
1455979101
1456208146
1456302545
1456334827
1457112652
1457257723
1457349553
1457397880
1457421241
1457444679
1457919083
1458050403
1458188073
1458285926
1458497697
1458724343
1459055003
1459294375
1459453062
1459946700
1459960997
1460341201
1460389516
1460509176
1460540617
1460776932
1460785986
1461124423
1461335464
1461553461
1462040040
1462238178
1462566416
1462720085
1462998158
1463061174
1463199517
1463469284
1463541355
1463665533
1463917120
1464050565
1464742343
1464759561
1464947131
1465445713
1465716251
1466000143
1466015631
1466248110
1466508822
1467643761
1467744821
1467746953
1468885069
1468929520
1469222551
1469274184
1469414633
1469624890
1469886388
1469940349
1470131894
1470647618
1470719366
1470874852
1471259626
1471671427
1471705752
1471872522
1471921052
1472024869
1472781291
1472836423
1472941827
1473062124
1473110653
1473278151
1473710873
1473749125
1474183604
1475282212
1475508352
1475908143
1476036295
1476584785
1476881500
1477026795
1477212582
1477254205
1477656111
1477703858
1477737184
1478277607
1478407921
1478442134
1479086432
1479474280
1479603577
1479886484
1480705720
1480745069
1481251038
1481265689
1481394759
1481837197
1482006615
1482543443
1482903605
1483063418
1483335909
1483757790
1483980604
1484101775
1484122044
1484165604
1484172777
1484198384
1484200622
1484473991
1484721708
1485074547
1485222309
1486461500
1486703057
1487256559
1487531533
1487708028
1487877222
1488174298
1488304126
1488660651
1488729057
1488857158
1488863529
1489234267
1489400187
1489400535
1489483406
1489795423
1489795607
1490566190
1491004826
1491018896
1491215679
1491490356
1491797090
1492036239
1492330215
1492486730
1492551949
1493070848
1493641168
1493733281
1494144565
1494450997
1494464084
1494635886
1494732653
1494986772
1495284507
1495468540
1495578332
1495583127
1496125156
1497053446
1497090457
1497333257
1497471399
1497504960
1497649341
1497727299
1497739081
1497879127
1498289779
1498567712
1499003946
1499170036
1499240755
1499926548
1500005433
1500212499
1500316458
1500351800
1500389144
1500420994
1500510561
1500563556
1500863169
1501522855
1501953988
1502589426
1502659201
1503102240
1503151915
1503239562
1503710640
1504256887
1504324371
1504386940
1505246665
1505459454
1505632607
1505969345
1506366989
1506621360
1506646292
1506747098
1506880770
1506904607
1507010395
1507784898
1507938475
1508136294
1508375262
1508531347
1508698129
1508811130
1509188903
1509290156
1509347015
1509368266
1509700003
1510106372
1510130979
1510648385
1511169223
1511842203
1511917805
1512267671
1512298939
1512363654
1513446634
1513505476
1513865318
1514131463
1514131588
1514145924
1514198586
1514508757
1514726775
1514842262
1514896412
1515051386
1515155755
1515515883
1515838318
1515867504
1516667209
1516832559
1516906290
1517445838
1517643430
1517674005
1518017892
1518266685
1518471826
1518488175
1518695867
1518721240
1518838328
1519268185
1519828075
1519940519
1520327954
1520390506
1520597776
1520763561
1521132466
1521220505
1521599991
1521983954
1522063231
1522472691
1522587362
1522772989
1523131407
1523840060
1524417363
1524623823
1524731648
1524763160
1525080819
1525536269
1526111335
1526503143
1526644728
1526681178
1526787329
1527324604
1527409160
1527513450
1527601736
1527824190
1528047992
1528194432
1530504727
1530966105
1531088921
1531113440
1532173055
1532313236
1532355796
1533110908
1533205232
1533429364
1533613671
1534061642
1534617170
1534991068
1535432133
1535495917
1535609428
1535858073
1536114384
1536135201
1536235131
1536613051
1536953663
1537024971
1537153913
1537322744
1537380891
1537574393
1537578862
1538119392
1538158200
1539787551
1539798182
1539961212
1540093559
1540695823
1540994199
1541377107
1541603386
1541679080
1541738743
1541965625
1541998631
1542251040
1542431017
1542635416
1542695582
1542821593
1542868536
1542970157
1543123082
1543703639
1543716179
1544080892
1544288563
1544913147
1544934083
1545142101
1545345898
1545673529
1545785302
1546184691
1547220367
1547292114
1548340036
1548591932
1548632272
1548745529
1548974197
1549094821
1549417950
1549537413
1549909953
1549921198
1550376866
1550777326
1550883135
1551031849
1551105421
1551230130
1551443556
1551618372
1551699828
1552327804
1552526812
1552732014
1552805678
1552833820
1552900324
1553026558
1553031699
1553105936
1553113835
1553597327
1553980085
1554694763
1554815495
1555059072
1555966323
1556034878
1556161018
1556395966
1556429153
1556516935
1556713720
1556756780
1557007155
1557090030
1557274067
1557445914
1558028530
1558396666
1558508499
1558712533
1558923771
1559097097
1559139274
1559419924
1559543677
1559568502
1559573193
1559947974
1560040388
1561201343
1561880507
1562205187
1562234359
1562500436
1562570683
1562663479
1563171885
1563388266
1563719498
1564158157
1564279238
1564923171
1565411215
1565621352
1565640433
1566128609
1566208588
1566281609
1566397454
1566675883
1566704762
1567000549
1567092078
1567382864
1567460837
1567474775
1567831075
1567844717
1568357832
1568600140
1568679689
1568729242
1569277036
1569330165
1569360755
1569820334
1570265281
1570459545
1570554418
1570824568
1570862766
1571080773
1571443731
1571460402
1571479588
1571499094
1571798762
1572184127
1572330866
1572597220
1572774617
1573385197
1573595965
1573773253
1573947460
1574217272
1574560590
1574577899
1575110740
1575179319
1575301090
1575469927
1575473575
1575532544
1575667058
1575942301
1575953063
1576092230
1576203234
1576604867
1577061037
1577473769
1577482744
1577839343
1578282713
1578484139
1578752008
1578814312
1579011761
1579291791
1579421658
1579457004
1579904828
1580004065
1580701368
1581012576
1581331682
1581953601
1582173487
1582554699
1582606843
1583056237
1583257368
1583624547
1584015625
1584126215
1584707312
1584710234
1586719730
1586974147
1587358293
1587756263
1587904165
1588450709
1588457615
1588715069
1588784262
1589045984
1589188846
1589563960
1589576559
1589650500
1589947598
1590470250
1590755524
1590919587
1590994218
1591179740
1591579808
1591600995
1592178267
1592182477
1592542606
1592930761
1593428942
1593924861
1593957449
1594009371
1594087114
1594940666
1595195359
1595594595
1596657024
1596792880
1597169500
1597174113
1597263966
1597417941
1598795604
1599053311
1599183111
1599654117
1599806444
1599950305
1600215236
1600291326
1600538636
1600721116
1600984432
1601055003
1601639120
1601648950
1601650273
1601828430
1602346289
1602776853
1602921948
1603238023
1603483493
1603507639
1603640026
1604273555
1604388073
1604574298
1604964978
1605770190
1606159375
1606198913
1606632768
1606916123
1607394321
1607521428
1607783490
1608317499
1608619695
1609251358
1609535541
1609535881
1609574042
1609843543
1610597107
1610854035
1610975701
1611316620
1611709647
1611731780
1611990783
1612234364
1612384516
1612633636
1612767886
1612988012
1613172855
1613643603
1613648442
1613884548
1614175868
1614479465
1614626112
1614952604
1615063497
1615178132
1615205896
1615223954
1615492480
1616369687
1616414703
1616546490
1617484842
1617509963
1617537893
1617647161
1618031780
1618093127
1618258649
1618262244
1618288752
1618327317
1618707375
1618888948
1618961849
1619006669
1619986330
1620039012
1620139779
1620825406
1620893358
1620928783
1621189045
1621329846
1621361668
1621396412
1621461784
1621976592
1622330337
1622458488
1622699041
1622922207
1623267142
1623344321
1623453717
1623600419
1623830951
1624168952
1624769785
1624770153
1625067293
1625313133
1625610091
1625860990
1626048751
1626834163
1626874031
1627261436
1627904309
1628158754
1628283679
1628962147
1629187740
1629227317
1629413136
1629724085
1629883627
1629959485
1629987178
1630123274
1630992659
1631176856
1631223142
1631253910
1631773907
1631929159
1632282890
1632312031
1632331568
1632369227
1632625990
1632718417
1633487830
1633576993
1633715406
1634152576
1634413396
1634888603
1634945753
1634959069
1635535516
1635571846
1636754728
1637055118
1637221809
1637248018
1637767305
1637845523
1638208677
1638360821
1638493857
1639048523
1639284525
1639924455
1640308528
1640424107
1640604546
1640967172
1640998813
1641232418
1641241855
1641419347
1642122557
1642231987
1642616588
1643075332
1643309311
1643836163
1643963258
1644307208
1644541843
1644571556
1644942573
1645040169
1645294217
1645336362
1645378937
1645451410
1645786087
1645963245
1646085298
1646861911
1646893582
1647088155
1647111155
1647179677
1647424734
1647546153
1647559475
1647797574
1648098397
1648275372
1648856586
1648897565
1649349339
1650709564
1650787884
1651007951
1651037104
1651451635
1651555925
1651589588
1652082305
1652343348
1652390912
1652647547
1653044626
1653454670
1653611726
1653969582
1655374692
1655772227
1656193888
1656394885
1656686525
1657332114
1657526836
1657907742
1657973000
1658234124
1658274627
1658978652
1659106762
1659382475
1659480741
1660482033
1660734091
1660982380
1661489114
1662056423
1662173096
1662384643
1662654335
1662759928
1662802480
1663021549
1663026181
1663148092
1663255058
1663453346
1663505467
1663986547
1664757153
1665767229
1665819043
1665900964
1666279838
1666657536
1666938953
1667013635
1667177167
1667405513
1667423784
1667487450
1667710975
1668117294
1668182613
1668212928
1668826063
1669348259
1669521995
1670328433
1670467462
1670713071
1670958083
1672190750
1672225385
1673117220
1673359449
1673526873
1673650827
1673724374
1674224809
1674332471
1674481086
1675397942
1675513441
1675583783
1675604718
1675864455
1676058716
1676236544
1676649833
1676779325
1676787625
1677011287
1677440459
1677449949
1677574295
1678123323
1678147344
1678353060
1679029670
1679085580
1679366681
1679384536
1679666587
1679789239
1679870669
1679963237
1679989314
1680086044
1680218982
1680418328
1680435561
1680989688
1681153056
1681307599
1681912598
1682011733
1682220370
1682678608
1682806789
1683144860
1684013014
1684113504
1684721692
1685082802
1685100135
1685293428
1686325966
1686362337
1686509850
1686679811
1686778615
1686884040
1687031388
1687280545
1687803351
1688031340
1688567380
1689110732
1689334513
1689991078
1690165619
1690175036
1690202263
1690323677
1690377710
1690628457
1690799034
1691008526
1691085010
1691271661
1691738740
1691834563
1691858208
1691916128
1692416790
1692770131
1693252214
1693538995
1693592991
1693609586
1693749655
1693943561
1695076133
1695236171
1695242341
1695353382
1695376742
1695504692
1695727224
1695807830
1695968943
1695995303
1696047699
1696144282
1696271487
1696369639
1697010414
1697105483
1697359227
1697518156
1697846467
1698820520
1699032982
1699322225
1699405102
1699419249
1700125960
1700334648
1701254228
1701780533
1701890772
1702028494
1702101105
1702549415
1702789677
1703117496
1703401223
1703528528
1704318916
1704647856
1705156865
1705269566
1705459472
1705496630
1705517313
1706000945
1706013700
1706178223
1706433187
1706579909
1706920657
1707244261
1707399441
1707454459
1707580328
1707803577
1707823381
1707949638
1709300403
1709330312
1709535004
1709545555
1710150091
1710177824
1710386055
1710609307
1710637334
1710678773
1710898738
1711326566
1712142158
1712218738
1712688662
1713025136
1713203075
1713979297
1714284283
1714348181
1715138183
1715905765
1715990020
1716063404
1716223647
1716812791
1716971263
1717094221
1717472645
1717693346
1717993883
1718058323
1718069945
1718392534
1718435881
1718767661
1718790530
1719609552
1719639598
1720575956
1720797708
1720925290
1720994843
1721016585
1721153668
1721426853
1721578369
1721633325
1721976787
1722622852
1722858456
1723029705
1723102954
1723301849
1723517360
1723695857
1724245815
1724852337
1725309847
1725595904
1726082104
1726311703
1726955940
1727302023
1728007999
1728498037
1728568532
1728658115
1728686201
1728794226
1729628572
1729873595
1730109732
1730276409
1730364521
1730598622
1730745658
1730928500
1731113706
1731287376
1731524476
1731941994
1732193640
1732416751
1732963372
1733348918
1733435615
1733716615
1734227206
1734475357
1734787315
1734882687
1734884914
1735133503
1735193067
1735252829
1735546340
1735977783
1736594956
1737299811
1737352968
1737378508
1737490070
1737668940
1737834503
1737986458
1738155205
1738271950
1738498681
1739239816
1739284424
1739435299
1739479148
1739765518
1740034644
1740070780
1740186590
1740256994
1740430268
1740535974
1740747851
1740845079
1741252629
1741280728
1741774523
1742364489
1742556160
1742647979
1743373791
1743405537
1743650507
1743979720
1744233772
1744436683
1744526613
1745083380
1745172933
1745375026
1745389855
1745759455
1745780741
1746686050
1746902147
1747135550
1747735669
1748052210
1748622871
1749590347
1750054641
1750431208
1750735464
1750850374
1751183446
1751714227
1752026472
1752051478
1752306723
1752935450
1753296171
1753495368
1753638894
1753666975
1753689520
1753728471
1753995250
1754065983
1754337402
1754659290
1755708275
1756691715
1756797512
1757008913
1757132790
1757468110
1757912561
1758072907
1758927739
1758995440
1759461502
1759687585
1759785820
1760055482
1760323086
1760575777
1760647601
1760751815
1760935885
1761132703
1761314609
1761782139
1762310905
1762536797
1762796494
1763183730
1763214734
1763327937
1763568791
1763833874
1763865368
1764045934
1764742697
1764768850
1764857480
1765361781
1765472678
1765633024
1766825606
1766973534
1767123361
1767340438
1767416939
1767607746
1767652435
1767892882
1768829175
1769055527
1769115605
1769403045
1769477811
1769529253
1770088567
1770176352
1770437984
1771169189
1771401538
1772015669
1772446964
1772761350
1773043413
1773319878
1773433454
1773676057
1773693539
1773728551
1773842492
1773845005
1773923108
1773967925
1774357280
1774360627
1774729795
1775394488
1776093171
1776220304
1776353775
1776416769
1776693177
1776815552
1777220809
1777851726
1777927590
1778946239
1779201323
1779896249
1779940291
1780018487
1780027769
1781129183
1781185944
1781450183
1781729078
1781739131
1782344648
1783201666
1783793348
1784010008
1784099139
1784135886
1784217437
1784246446
1785102934
1785348665
1785350236
1785722426
1785932398
1786075398
1786352641
1786851111
1787042384
1787443173
1787858506
1787895802
1788268277
1788275356
1788355903
1788658812
1789340472
1789584563
1789863943
1790077822
1790577556
1790792631
1791053320
1791420816
1791822619
1792020998
1792072463
1792737312
1792995924
1793201631
1794205722
1794400770
1795110905
1795237039
1795510067
1795801854
1795813471
1795904003
1796113901
1796394924
1796647257
1796673153
1796799004
1797050943
1797463505
1797630404
1797850578
1797931941
1798380755
1798493386
1798598416
1798821303
1798952913
1798981954
1799102622
1800784301
1800836992
1800991641
1801501201
1801514176
1802091460
1802798473
1802939326
1803523394
1803548559
1803559250
1803591353
1803679659
1803968829
1804046190
1804170278
1804244401
1804292556
1804417462
1804534956
1804881564
1805246764
1805331827
1805343200
1805499460
1805560241
1806356780
1806857289
1806874331
1807043142
1807347595
1808154163
1808259910
1808658468
1809377747
1809817086
1810083024
1810633343
1810672002
1810924540
1811000524
1811085034
1811134748
1811949258
1812026265
1812241230
1812428522
1812507282
1812558145
1812734209
1813310028
1813903661
1813966859
1814340104
1814883042
1815347730
1815660636
1815760666
1815856325
1816200287
1816407864
1816763256
1816944692
1818155367
1818201233
1818745664
1818801142
1819366951
1819429129
1819603662
1819753776
1819826841
1820187826
1820201451
1820292777
1820356591
1820374628
1820604284
1820960123
1821070589
1821318917
1821434095
1821725766
1822106073
1822225406
1823100376
1824369338
1824391427
1824640513
1824708474
1825211721
1825321639
1825549878
1825690725
1825731507
1825735293
1825874117
1826562475
1827039588
1827209629
1827453652
1827515163
1828422035
1829350186
1830903083
1831062016
1831252183
1831408850
1831773184
1832315719
1832586905
1832879047
1832888490
1833267169
1833274850
1833425278
1833430591
1833965740
1834167897
1834612844
1834675360
1834826241
1834929352
1834968360
1835647302
1835723767
1836428477
1836616245
1837354151
1837359304
1837803433
1838634583
1838668904
1838677996
1838852157
1839032566
1839425437
1839512961
1839693549
1840082991
1841061939
1841363406
1841407299
1841524512
1841706390
1842094479
1842404725
1842503309
1842611960
1842701797
1842896246
1843058607
1843705039
1843987435
1844311855
1844338536
1844993789
1845150883
1845302915
1845902486
1846797225
1847250784
1847320385
1847557973
1847657660
1848332046
1848398736
1848782216
1849348764
1849457037
1849825458
1849963334
1850166978
1850367263
1850922548
1850945229
1851094890
1851221887
1851406741
1851433915
1851921813
1851926128
1852051329
1852128469
1852383772
1852601186
1852856704
1853107535
1853113049
1853493577
1853505712
1853994678
1854040088
1854379665
1854776723
1855258456
1856598730
1856678932
1856794781
1857423581
1857520256
1858672320
1858709020
1858836608
1858905122
1859015088
1859134067
1859478065
1861056361
1861211268
1862087234
1862090095
1862415231
1862422024
1862487136
1862737561
1862789429
1863049408
1863265144
1863356790
1863652731
1863869486
1863934778
1864256980
1864439784
1864617200
1864752736
1864758126
1864843091
1865470608
1865478086
1866124418
1866846388
1866914074
1867102493
1867216819
1867325931
1867461352
1867751404
1867800001
1868099744
1868567358
1868617871
1868793083
1868872364
1869411582
1869749953
1869752785
1869791457
1869982757
1870029218
1870583365
1870767652
1871051108
1871884621
1872141137
1872196817
1872234306
1872321149
1872990561
1873286801
1873346423
1873354376
1873528735
1873694463
1874110620
1874195562
1874371637
1874846398
1874943800
1875043596
1875093289
1876060095
1876378907
1876424179
1876679218
1876710153
1877067758
1877087133
1877269083
1877395050
1877408303
1877556528
1877862078
1877874346
1877888886
1877890944
1878068622
1878212701
1878955540
1879130872
1879629134
1879927247
1880086094
1881169792
1881289766
1881327199
1881425070
1882032452
1882172360
1882418436
1882764008
1882967010
1883157908
1883510815
1883612540
1884279540
1884469687
1885003232
1885217014
1885476142
1885706851
1885809588
1885889340
1886022767
1886056639
1887347312
1887801043
1888174928
1888700053
1888814425
1889227972
1889295123
1889306747
1889650630
1889690357
1890222618
1890365424
1891078519
1891716379
1891952478
1892100995
1892150261
1892369699
1892560161
1892808410
1892972209
1893162795
1893737764
1894145928
1894287081
1894506214
1894618320
1894687562
1894694179
1895121378
1895223936
1895251504
1895281032
1895333364
1895473001
1895590590
1895714830
1895759540
1895943994
1896498380
1896744967
1896955187
1897335763
1897547876
1897732042
1897744534
1897888183
1898085873
1898120389
1898610940
1898862306
1898923022
1898959068
1900242431
1900320410
1900645921
1901017022
1901127347
1901131209
1901217994
1901462886
1901570918
1901999922
1903246313
1903355609
1903632696
1903665128
1903804837
1904392803
1904474249
1904760938
1904856923
1904910471
1905102444
1905123899
1905203327
1905232041
1905375208
1905426746
1905803770
1905808548
1905961711
1905972784
1906289716
1906548586
1907054901
1907352484
1907515566
1907550709
1908183712
1908426450
1909138932
1909306408
1909539121
1909929630
1909939893
1910195721
1910250747
1910252155
1910590075
1911257475
1911371676
1911528648
1912012611
1912121247
1912170687
1912363974
1912426381
1912498270
1912969306
1913441027
1913479595
1913503269
1914051491
1914433946
1914830413
1915071906
1915384721
1915816315
1915829403
1915917181
1916228731
1916594677
1916980999
1917024477
1917416203
1917506992
1917517806
1917523951
1918204579
1918228416
1918333502
1918424788
1918657885
1918696973
1918793088
1918872166
1918894060
1919448182
1919688724
1919712385
1920149793
1920784635
1921036858
1921139693
1921448139
1921465330
1921849978
1921982139
1922108860
1922409303
1923842220
1923866557
1924142274
1924711703
1924767001
1924970816
1925450780
1925486503
1926032228
1926044130
1926191170
1926451600
1926501450
1926977956
1927323658
1927387864
1927675859
1927827398
1928030083
1928504875
1928912532
1929703979
1930175380
1930338980
1930765532
1931649145
1931685899
1932022997
1932576857
1932582568
1932592883
1932870848
1932988798
1933613133
1933802495
1934248785
1934283894
1934411977
1934649151
1935077351
1935165565
1935954808
1936089271
1936187122
1936374052
1936576635
1936952925
1937319512
1937410806
1937671387
1937913987
1937927833
1938016172
1938103956
1938248252
1938273604
1938375999
1938701167
1938772727
1938951684
1939193518
1939343434
1939651040
1939700847
1939730555
1939879386
1941177918
1941259575
1941270908
1942091446
1942167702
1942379729
1942873827
1943087723
1943671199
1943776204
1944031253
1944277474
1944341094
1944647933
1944771621
1945229461
1945458927
1945466166
1945468768
1945662376
1945781740
1945824749
1945876856
1945888218
1946175518
1946461493
1946760030
1948236566
1948304574
1948523907
1948882864
1949322032
1949597843
1950052319
1950182366
1950265374
1950274255
1950308185
1950499253
1950590582
1950714232
1951194732
1951302214
1951461559
1951651047
1951947153
1952018893
1952222521
1953618230
1954107542
1954189093
1954364228
1955059649
1955410985
1955467832
1955617091
1955681788
1956144118
1956171493
1956391863
1956421894
1956745868
1957499526
1957766483
1958217795
1958484128
1958793918
1958798163
1958882446
1959294668
1959733298
1959742349
1960101633
1960191981
1960230221
1960350815
1960636935
1961669066
1961721155
1961795410
1962035728
1962622897
1962828322
1962995250
1963774749
1964009060
1964063601
1964542279
1964752016
1964807754
1964839389
1964962976
1965003983
1965177505
1965313593
1965673506
1965976664
1966622549
1967194362
1967293138
1967525888
1968246171
1968438288
1968492958
1968559780
1968679160
1968712689
1968907883
1969110939
1969296204
1969448109
1969542199
1970505337
1970683445
1970756589
1970903665
1971205045
1971332454
1971484629
1971663050
1971762235
1972461798
1972586986
1973318845
1973707831
1973858821
1974216046
1974241373
1974430874
1975305090
1975364898
1975497642
1975651484
1976519805
1977176481
1977678149
1977938921
1978042246
1978986116
1978992253
1979093795
1979122563
1979152628
1979161862
1979170968
1980846585
1981086185
1981200800
1981322423
1981523475
1981738916
1981771614
1981774407
1982074324
1982623335
1982931549
1983070162
1983123535
1983502043
1983676728
1984219393
1984539994
1984555115
1984725207
1985553672
1985689442
1985950785
1986334502
1986369954
1986412445
1986659146
1987002014
1987199759
1987372810
1987571286
1987608608
1988214969
1988476045
1988694852
1988816110
1989915597
1991679794
1991760666
1991893124
1992132877
1992545527
1993030366
1993138079
1993267264
1994204988
1994577574
1994638948
1994662483
1994754581
1995212412
1995910376
1996066826
1996071911
1996254816
1996272097
1996544556
1996993386
1997000681
1997191869
1997286857
1997734963
1997920173
1998043298
1998091450
1998182466
1998465912
1998915121
1999313235
2000120213
2000125157
2000213579
2000514225
2001035544
2001212325
2001490593
2001799805
2001931516
2002708110
2003003597
2003242780
2003397254
2003407664
2003422280
2003572743
2003584819
2003909956
2003919310
2004780564
2004935944
2005006772
2005044161
2005063444
2005610846
2005798141
2006638895
2006839524
2007189618
2007275958
2007336112
2007412527
2007469896
2007702601
2007829262
2007875788
2008446815
2008757408
2009092087
2009149910
2009264235
2009278189
2009339982
2009726270
2009758254
2010690325
2011113150
2011272763
2011362385
2011705551
2012605567
2012780562
2012834923
2012919170
2013341727
2013935832
2014198604
2014451224
2014651392
2015288744
2015884045
2016032917
2016145668
2016337735
2016666476
2016841653
2017024497
2017091956
2017125608
2017134674
2017790626
2018127591
2018292194
2018672703
2018864497
2018893156
2018925954
2018925993
2019058673
2019391520
2019484203
2020002704
2020026111
2020096382
2020297639
2020567048
2020597367
2020616330
2021155009
2021405631
2021411223
2021434835
2021642474
2021645014
2021665875
2022081404
2022475741
2022597152
2022635258
2022683066
2022955380
2023482414
2023538117
2023609420
2023914403
2024007774
2024355568
2024488310
2024705573
2024750707
2024776345
2025011898
2025067832
2025259518
2025623578
2025820919
2025933818
2026069665
2026576733
2026634747
2026649118
2027439898
2027558247
2027564225
2028229296
2028717853
2028728717
2028924763
2029553742
2029821433
2029858600
2029921094
2030143970
2030225334
2030269399
2030517051
2030652669
2030721303
2030820060
2030835326
2030946829
2031125114
2031361194
2031606337
2032209195
2032295959
2032490576
2033136858
2033468636
2033849496
2035280722
2035343555
2035363684
2035692260
2035698786
2037393795
2037478863
2037618845
2037792128
2038376306
2038705556
2038852348
2038985438
2039446521
2039611819
2040026724
2040292338
2040647152
2040717370
2040870621
2040905173
2040931906
2041068296
2041068639
2041987854
2042090734
2042142720
2042431922
2042441453
2043060664
2043245096
2043435024
2043743369
2043788993
2044180033
2044292176
2044464869
2044600040
2044966484
2045711224
2045774438
2046604153
2046604249
2046673762
2046810039
2047395047
2047489396
2047513614
2048119955
2048424124
2048655521
2049388407
2049742704
2050049005
2050118888
2050930431
2051341818
2051450773
2051536797
2052007036
2052022701
2052275971
2052789003
2052800273
2052909432
2053776871
2053826328
2054000898
2054085053
2054182885
2054767168
2054885439
2056151766
2056203308
2056225536
2056391051
2056814824
2056935924
2057417719
2057628922
2057972258
2058375501
2058382288
2058460329
2058513606
2058623965
2058647629
2059105584
2060037414
2061093820
2061219397
2061561831
2062116839
2062286108
2062646127
2062895118
2062913663
2062913935
2062946997
2063074772
2063358932
2063443834
2063495720
2064154123
2064740211
2065428390
2065476467
2065557301
2065653635
2066701845
2066822987
2067626459
2067954099
2068016505
2068140327
2068392063
2068657813
2069186501
2069364440
2069435083
2069647752
2069676610
2069787807
2069905648
2070251923
2070360167
2071267021
2071335239
2071431419
2071516634
2071575544
2072182429
2072215420
2072227746
2072229644
2072308451
2072444132
2072445122
2072573198
2073251780
2073278772
2073667712
2073801155
2074213491
2075023623
2075427578
2075998940
2076116817
2076634669
2077147152
2077256910
2078615992
2078631887
2078819312
2079039035
2079065647
2079197040
2079209806
2079238402
2079314326
2079317313
2079623884
2079811761
2079981626
2080187460
2080219829
2080411725
2081397359
2081835203
2082068425
2082448940
2082513944
2082539511
2082753678
2082941188
2083130078
2083187318
2083860971
2083891867
2084233960
2084519530
2084626764
2084857497
2084940807
2085074480
2085476972
2085526390
2085595203
2085966691
2086088941
2086547256
2086677009
2086689122
2086702111
2086877027
2087404851
2087842866
2088010120
2088596614
2088859468
2089621589
2090203056
2090536025
2090768865
2090872927
2090901346
2091933424
2092045971
2092212422
2092883103
2093784946
2093858630
2093952538
2094284438
2094303379
2094636466
2095479137
2095503138
2095552310
2095870909
2096512506
2096912986
2097166436
2097285846
2097436399
2097503291
2098056227
2098605414
2098620493
2099193553
2099345678
2099387279
2099689863
2099882912
2099893282
2100352721
2100836064
2100893509
2101075340
2101195159
2101505603
2101642224
2102020976
2102424438
2102575636
2102768743
2103158395
2103605216
2104003164
2104228435
2104439063
2104555951
2105485346
2105582200
2105593250
2105734358
2105886895
2106125460
2106296224
2106540087
2106923718
2107057613
2107673070
2108181159
2108636902
2108661817
2108694043
2108767188
2109101716
2109606425
2109641628
2110414554
2110590470
2110890310
2110980833
2111184129
2111389666
2111814789
2111922089
2112338086
2112646088
2112888261
2112946241
2113171082
2113171308
2113707948
2114234482
2114323720
2114604418
2114731731
2114891969
2114928216
2114960042
2115235273
2115311217
2115556517
2115654991
2115702183
2115914347
2116259057
2116836065
2117284580
2117351570
2117764216
2118221477
2118221763
2118515069
2118779489
2118781691
2119147636
2119369517
2119601201
2119800997
2120293039
2120416194
2120458668
2120848133
2121296963
2121681330
2122500424
2122857806
2123151268
2123309955
2123578834
2124214228
2124800471
2124854276
2124925225
2125106182
2125180829
2125320269
2125544653
2125792644
2126642176
2126680401
2127157834
2127211776
2127797328
2127867309
2128115128
2128171282
2128370341
2128483182
2128491830
2129349597
2129601778
2131575996
2131759601
2131977878
2132161819
2133209789
2133702022
2133816732
2134123176
2135484925
2135519754
2135650231
2136309142
2136577942
2137131157
2137482361
2137771874
2137975439
2138201388
2138594116
2138782064
2138867430
2139010249
2139145555
2139262149
2139610556
2140073434
2140446815
2140743976
2141012524
2141710362
2141941301
2142051277
2142170138
2142419127
2142656958
2143091140
2143239150
2143377040
2143441383
2143659639
2143725071
2143926258
2144095657
2144710355
2144784309
2145382605
2145606958
2145624598
2145833200
2145850697
2146410333
2146510236
2146900172
2146963122
2146967841

SelectionSort comparisons: 33550336
SelectionSort swaps: 8191