626921430
1500180432
1316827016
882611775
1366510183
980759134
549214712
1883622148
2018960273
352601024
1936681026
54501977
1922158251
757327818
104196653
1237738897
1809834600
1374075642
654153615
1520440697
1886003981
1244242831
1345529419
495427743
82992781
845399885
63638309
333607348
544058596
1794482873
1979394890
1170980026
1147179658
1148738258
2053591801
366206193
2129497393
455322865
102344693
2000974018
807923889
2039025719
2055475996
582598493
648869889
12189001
1820337390
311220841
1386264643
327007357
1831661539
1124784976
1571250189
1029707310
1620212719
1654242970
1875107196
1683851028
1987850318
271682144
1330850254
1819761560
1442662170
330546264
821016171
1348770323
696752457
803029916
1804093188
799097150
656520286
464533430
690639221
564512634
1047131923
1339509111
576701635
719985665
1650729952
1962966279
1046993022
1334907843
940267607
470759563
217131506
412996679
2125002533
2092238702
2096847707
1965369203
216437198
1280214313
1637647116
1659099368
1610760577
311179639
860386043
160029386
1114209555
516995583
959126536
1770729841
981529013
1649765758
187758828
2028660936
841791221
764460463
601162953
345037525
579943094
1648155976
1679945369
1520210702
2118915539
1897076875
1933207381
2096434425
1841831929
1882571440
1914319980
2058269127
1015302106
1404483448
1569884847
478579035
1715663087
282787242
638608422
682388994
799782825
1597734958
305635188
1781311839
1100017068
493394016
1662489127
1941808289
1257854479
116168433
139362167
1837797574
1764324409
1819307536
1210524628
1735756300
1568900763
996248361
1684707077
1263249044
731336153
1451543410
1174034523
1746638259
708543210
596435722
77733647
276722650
879222964
716342069
959111644
1679005789
166593379
1264746832
1312833980
1266610448
1758140848
827839460
1060935089
868511680
944007893
1200297256
558825606
560848654
872121144
1769350234
149121306
293538259
618114947
1833828384
1556787303
1349451100
1137888146
583338178
948605712
1846431356
1179773900
1026339359
2123154006
2058996864
1742681428
934782003
1590519006
1909274807
52045187
755869338
1028401607
1810186036
1583708798
2089336697
531214068
380233043
1142150305
1090039674
941081697
2014271450
711906260
1090203004
160326061
1330021207
776547740
1717113365
531988659
1914435886
152967895
1480594371
1613383594
1332741796
359450082
1589053953
1244255012
2102131510
376352308
687290370
1863922670
428397495
1443159709
744840629
91099883
879384859
686693678
622313951
1259617903
1828843984
1712353625
53215952
1695631786
276776237
1143418956
1855957847
1606797444
1919966696
1425587564
2138786104
1686918934
1578555460
1471896827
1152818881
763813608
1831346910
594389186
2008068620
1785994772
970741494
547875343
1502433794
1399138989
1991035052
99790776
1490238873
722936263
786484454
2112552824
1982554166
467844790
1677422802
2035770119
15992928
1954199039
1031705427
1871950776
1413512836
804188476
1150054692
1404815292
343623762
581126504
729228471
1496442643
1344940112
413091733
2090831829
1205525085
51602858
914089675
1753400428
1554036652
165745017
1596951832
1653827428
1655983890
172404447
292828235
1621053066
7474966
760673025
1150992220
2043245085
776665954
957707612
927466864
501133082
223736800
1731655340
1651187774
1628552092
2075279103
84830631
210296915
1424238098
1429770743
623388649
1367586280
487812180
674991507
134192307
93728960
81544511
299937324
1690680792
1735371940
1955921214
1863085240
2028200175
1429490633
1870560206
641389552
432999205
1766321643
1418055506
1390706817
546304859
1919188588
1614443617
130476552
1422892715
1095512061
58272007
1507723346
1305808977
1482510105
790010441
1929197626
702612737
1277822622
456705485
836805045
1371551582
538249996
1136742369
914748727
126138288
945179936
630350319
6854815
227186921
353426877
648244368
660186126
2119748520
2066299874
2050892944
518569731
1838004815
1517852913
649046283
1113413882
465881327
707318290
473653580
1771690304
42344748
1263664021
1553404282
744957485
394002995
2010109767
1581762530
1765554578
400876115
571021252
532819657
527014404
1516201188
1163169976
533869219
1743388109
1516596853
1182113587
256090587
1488861725
1100929814
159499883
2007431456
791450981
1677352797
508994092
1904864863
2143234124
1216312382
231034795
1767440780
1258657130
1494698816
1173361414
2003614616
1888701812
1035987533
1437893498
1506772742
1436863648
2008914750
2039592399
1963878052
1377632290
1055278727
350263624
973536751
424391932
1532377211
1229627339
1913253657
485823377
1389127222
1773201465
1277274358
918996371
134711909
1034655573
914746847
1351024292
1265690368
534703979
462197774
612905537
1708065393
318328742
354123701
596569278
1756222241
1860896443
2033432927
1617653343
1753005194
1849827331
847801986
660800273
52607307
1821338737
1085192205
1584984519
903482428
850962214
2070807896
145126003
476680031
1200598607
1064122374
611391941
87770532
1978869222
1962416233
1353460901
366089553
277130359
1966366438
2074154947
595459102
173006491
523240577
204197695
2033902934
409189856
1821851038
1639424480
111533540
522169376
152741105
164140847
196024466
1237933310
1749125366
1099506894
2088895524
1672449615
1244632897
418091907
725564574
161271624
1029483848
813335106
2140140846
844416433
19312359
358746751
1121546793
1985678797
285418050
1717005895
11201640
808658628
1921203590
2045104574
1217848484
1595570980
1537045406
1329382024
2117740357
1689786511
1493522872
166281175
780236173
