1095164590
1265788069
721648049
620130557
362937319
1139739957
1345695131
524208943
21740157
11546590
516866141
866156591
30858949
875612892
1987703384
2016537747
1161030943
1557225631
2027739387
1969689571
1330945573
1925360314
1040054407
779032905
1314922072
221952784
749289614
857224936
1715475656
915570789
1637461109
663156598
33875211
211625511
1283287156
396812530
1351365468
481498639
921021473
1373105625
493045229
1437887614
91778568
523904179
166016858
2079481952
392958278
1327047801
1489223935
273214017
1149253724
672685860
51090683
41824484
1451718766
1366012756
263777268
53524732
75754044
1979252924
969095522
1713215153
494925874
1002970733
1924840664
1778213030
1399783263
1128722484
112228022
173321088
354344462
605273251
1611208702
446123030
1129177430
1777225560
378121335
1522135708
956789714
1867345270
1795349726
2106043438
392547483
1846440409
384274
1844266249
1064969517
264161542
1897790981
1140723561
95930818
719402855
706455067
590856693
1722373588
483812083
221586075
974673203
1612534568
333814097
1147994291
1966879030
939087349
611719345
265518412
2068264779
241461258
643639747
1442916840
1198250972
363501370
1090782918
1156810762
756048853
789739679
1157195037
452831454
1854709197
1421356579
203138787
847949110
1517287398
922541643
1554404177
2108144091
497431583
2038216261
182246518
1472104787
1503267181
516060616
472615430
1322662563
1455147965
1084334776
1588180975
1375929096
1325796034
84337075
671362288
376563358
447838445
1762145206
1533374120
1203887298
404401238
543085509
1656718752
111626787
1964442089
1859857539
959575897
1334245839
634915534
366496427
1294906282
1132347118
257229040
1477152800
456968257
1760496221
1993213416
929583687
935675136
1300877733
2013918463
376372463
529323182
1192230849
460709538
1200685470
1568794207
908547983
815347029
954684680
2112435281
1219748267
1497770189
1621670385
1331375054
1314728630
1334044277
143467303
501490821
1968959811
509963730
1796397103
953823281
767192770
1126066256
1410791538
380205343
971796024
192891578
1315880479
125190110
59326393
1692252943
654513292
1251557243
5478833
1855198762
672867802
914026817
523062143
1627552482
878978450
1742810410
977839024
353165188
926701816
145084006
1687209465
1070169120
646574828
1508685628
1580132850
295488283
315025262
199841973
1421554539
1725816800
580047316
245866916
1918708378
1895927796
371057026
1978034772
1440697091
1025570318
1082108367
1446175924
733285432
1754976169
212719093
1256347576
1235045004
1091697544
851674338
65400380
1444862732
1778376155
210484386
984588549
701061627
857059214
345790529
133710829
1152547498
660815791
333552802
426618389
239148944
913600119
672485305
10373674
662044267
1043542331
1988408446
2102741358
2069112649
923033165
1401433634
654914434
530525687
1614152728
1911262010
1765570691
558366624
615452700
1830971071
2003229356
246345207
2041455457
840334257
947406834
751031024
1186124786
1081117664
1903578522
1846940578
1414670466
182713263
2086089522
180786937
855198569
2096463196
842831204
1898740900
1937387995
798088914
1820369902
712937512
52038901
327800688
1243463199
1666191629
91579050
861550242
77074605
707031750
545037665
2080303961
953376958
439009475
773154570
1900783792
1190040499
1959279356
834417808
946135373
1658736286
101604627
1128848636
1597342160
282391564
1984047205
1546321709
1125222769
1735304458
1336226056
1923311683
1408190712
2049163568
1975350584
1735991400
1145143120
1494058565
1827570450
2006693362
1571133170
387118552
404247380
1503953483
1340495510
843256855
129624405
1093795655
2033297354
2088903762
1928213463
831949079
1600156400
2029818090
1960797715
1050014913
164726007
1797361273
448852974
1289948776
1385182083
1785079030
1065776811
645889147
1686758950
893643748
234396899
684418422
240218665
2061967349
543628137
1811351836
301602253
947875517
1167821671
1642097764
1791132372
1297446077
588409771
1676946078
1238866191
369139586
361411509
691538943
251474029
174725576
1741553856
416200036
1972086849
42923182
1706148812
1209785284
1828002212
624441975
1855674431
1367277515
1518085723
2090071330
2051695937
1758304389
2004555031
447840426
1422172577
158673637
1395715943
442510600
1800771401
1039364667
1739956677
241697524
568827097
831339220
610837110
930238606
1522878164
862311139
1104964183
1116948372
1278511175
929567384
1159871555
837176339
2139352669
840390119
1461618315
1847543452
60183986
832220390
1790131135
2111879924
443041131
1647202518
412236702
1865213708
1805876155
1807952646
160240661
1459163908
699833665
1900197338
1700861432
1268660763
584052911
164214895
51415721
2106931075
1026526034
1156379904
1076395799
157553562
2085947289
88783706
994729901
2077816310
929173826
308864568
1777876114
989357812
1141084959
1420523601
953754088
1584126090
920242472
1365990791
1301856151
578634979
1026459789
1462096812
2037798888
1726293454
1214810502
1591176672
847470569
1798863413
1755391567
898886291
1758310840
634433954
2055266195
687222992
791987516
1993729836
776006698
1786717417
1924062498
1705180524
2095581986
1554454965
547054689
1089183297
827494918
1500808777
525825739
1747737390
719315920
1827681890
178888722
1745775709
1142295054
69203962
1324585516
209621909
1660380634
24572437
2008485322
1268288554
923458728
1619312515
1902722508
831241276
159051859
547226376
677487464
935058557
186460145
454066315
492755434
134558483
2008521280
1039810123
1223741780
688532550
393135252
1749567520
288786293
1112451173
1429765762
467675015
710743234
424577169
536878977
2035328750
634199078
49775963
2059901188
495200752
1318064517
835876268
2114513267
1073303377
1667117544
126081478
1620529753
197121361
1061140036
1806989899
651187676
1553895470
1941548382
512225308
446221945
1017806515
1200757858
839357197
619890387
1489544151
1951808370
2049656149
1957219166
515067957
326749670
346614495
402913059
960948748
396390459
315330599
1456149501
1714454976
1151206868
1423179120
640274706
670840764
1549260599
113320811
867962125
462916987
1920310710
1519149801
2016812457
1714375445
2031375109
315550754
584698312
1084649320
1154907951
1204588699
426709823
959232674
1106761200
236445342
1474300631
1433510871
583059837
1877213690
246975971
979450296
45060642
1703125472
546421625
1196267510
978820945
1186696331
1867108274
380597896
1300017142
587586752
843514883
1072844205
2106736553
712843692
639736002
1990628015
1028394446
1224434314
927793687
35818749
281539365
1354503510
995051423
1388300565
1590948852
321868406
674327788
26525042
51598449
921303760
1005975338
96659091
476945584
1552396963
1292926601
1455766529
591609646
1012551227
1836364425
1891626789
1600137979
532395660
816987346
1559390885
1245239352
1456723348
1402535252
126150150
533674014
182845291
161968900
815213379
1537348801
1157020323
56030296
980814006
1478888730
730358085
1007339048
1530487179
1651661845
2013314386
1627146270
2128607429
1418227702
772589223
1436890311
2009837348
1785140450
1125771088
1753980489
1237794782
1658166749
423484187
649702019
755922453
1880207535
2052237271
882072604
266397901
87598914
1044041504
1081611280
1624947715
53578179
1137641577
458278073
1532466909
1867999662
1465617121
915470440
1372177859
1331447860
395133062
1353301640
602191914
1167722285
642708303
464545614
805379088
1768479392
71042456
2043173870
1279162493
494526643
545392241
2035084946
227250531
450145864
769673902
493648432
537744778
1813715406
1575259713
15208845
1867293586
565417642
473486919
1252276847
285933656
1939104040
20263640
1658111515
1123068252
415396702
863929507
1725260166
1583118988
1506637811
42322133
241014428
1127633555
113364589
136704650
259312400
607891232
682096891
146913698
835141763
1132242755
916587601
1328790196
1669987533
582819359
756566261
1685196378
302629297
1321983903
11199649
1554906145
1607917559
1950303690
1575169785
1118545426
925888294
1990566487
1982474933
503664813
1426201827
1341629096
545986946
1667216255
321779003
659351535
1803920905
581091403
1267242767
338534148
728005102
2102384531
1470776903
1644592703
1283691079
993280788
79928414
2040257340
530993519
382557712
1214757595
542193168
1937463857
675191506
345013210
1365149994
1793736932
1270901505
1208232833
1628728217
1774566318
486951013
822873666
173069616
6683620
1144652669
832421151
1810604526
1725744073
2099663918
1655026
306265527
2054564801
1472431930
1950858230
1190772232
318229070
2030786644
1083545924
849222589
265860708
150819871
1391415758
55840917
826011377
1736428968
1420990911
472264661
859846825
481740097
2100992879
486929495
968691110
776382897
659999111
975374730
1921035566
1492420262
638495608
1499295991
1444600533
640150635
1805561518
1351681686
2112582565
1608936100
394970271
283327987
1492239097
1478516195
1132550577
1758099805
1629336067
376482687
1813940723
307863796
2112911655
1087447986
780128458
825274833
1569188083
733637689
1312204328
390395545
1510020586
1972203440
1365770276
1283572504
1317140054
2004265884
635384848
614256939
496932871
293462718
1965938626
462031788
1902398819
213425249
745359776
1247154268
1691941444
1877910353
857770425
1173793863
106909392
524227500
1481657660
72337399
1611675487
114302470
897612232
1033379922
847940159
62332913
1423775468
210477097
2034536353
642062096
1494049601
1204192759
498844332
2129434449
1818449699
995777204
275413520
1636904677
1457808992
30328691
1850329926
55685120
1277482959
1394787722
1933595473
2135253384
421097938
2040504865
511997237
1902755598
2112842265
2123672724
2017058068
862970849
1009568998
717514579
925303762
285860818
927991676
812356467
927922914
274557629
2016549227
1426767247
256508431
1687515278
275060803
531921951
1176936307
1732869795
562250642
879782585
1788554916
1839733601
127086659
1574666741
1827503337
548184597
1467687959
192016926
303456547
1433046576
168206002
173030967
148533777
1177775001
890545546
1073837540
1463635819
1818537222
1886194007
244075086
2093094852
1755259586
1670842333
202119635
1295291216
1945903136
734041586
324743875
1531289283
1296292228
1204526460
1172360551
988542181
1331613120
599543645
668561870
1879797717
2067231604
860578797
35770617
1352794532
1028784799
208801584
1501328309
59076152
1099347131
427682201
1522711972
770400705
166392561
1766787058
716011909
1921652147
1290145743
918131544
1069459716
1088565231
1652173130
1394203591
472370866
800981710
451246404
1644731418
1789523891
1782859524
96791415
310602114
1515173593
16539371
1171180911
1550944210
1369333903
52482062
1759745795
723178564
111558215
711609278
1150860766
1634270187
1482009983
1317253327
1253573597
50538245
1091421826
396235692
968669789
13397894
1484800923
473359272
1407601486
1957171789
1274340982
1858847890
1454419559
916381226
1494223766
1551210974
1226983340
861913711
1567750345
250680603
265374274
789600600
303162665
2025120069
1512779165
414720880
589245699
516156283
2048991067
