348454081
556166487
751122984
1304685415
1012743745
530433107
492770742
1971332454
1255932660
902616279
1928504875
1553113835
1164772499
2092883103
47467657
1313949461
844714231
1912012611
1000840692
805371126
969897395
1472024869
1129476438
1979170968
1223302241
574112713
1668182613
1468929520
2073801155
897486754
28086107
274771588
1453653241
779209091
1579457004
318913339
1309642198
2072227746
142762145
418091210
827360378
2071267021
1971205045
1992132877
2016666476
2018672703
1158598691
713897059
1783201666
11955735
1519268185
605615413
1483980604
501260975
437302733
559799197
1075373689
2105485346
2028728717
1001691196
855488452
2056814824
1276462785
161658046
688540268
708436141
480571385
1998182466
633180239
623333530
268790029
1460540617
547116903
92511426
1305189847
416299731
2111184129
316304890
1130196790
1746902147
328260625
501981328
205033912
1812241230
1003242303
642336645
224556779
2078615992
600338343
105801849
932823541
1455826796
15133025
61802678
1617484842
703673293
770238819
2098056227
554372112
1403419058
573906109
823162141
716476028
1121023013
915673567
2021665875
1537322744
879374049
190487117
520035887
478792548
518747742
1022017215
683826461
183505324
2025259518
1326163106
408062104
1956391863
1926501450
513863953
741731756
1234844598
528996978
803534434
704845792
1232670272
1573773253
655418371
1787042384
829708663
1229324480
462720877
1546184691
202863845
1378394444
1420366918
1740186590
110284845
1610854035
112738829
589077394
2129601778
1134756044
1272903855
165623454
1012531914
451583313
573685558
821440129
230601115
1087549511
1563171885
1465445713
1616546490
219222671
22807857
701733114
1792995924
678226228
341291850
475220940
1907550709
804012727
2021405631
2110414554
34923523
1294288902
1703117496
145208369
757659289
1815856325
734285763
739777419
803128721
2007189618
905400874
1815660636
311289283
1479086432
489617117
541890399
419152296
2052789003
2007336112
2035698786
124528026
2030143970
589948252
1917523951
560886550
931240102
245261243
320953611
1735252829
119183226
283884518
1770176352
1413472128
1987002014
1915384721
23647770
1655374692
502186836
763425189
311019765
361892806
1668826063
2126680401
673182090
1000428848
468813871
1215072489
1419581144
374119226
1074924953
1307796282
498647252
957585275
1897744534
268687555
1518471826
681500988
513948798
1839425437
269270169
633132025
2123309955
2039446521
2046604153
1962828322
1807347595
2070251923
1470719366
162050783
686193465
1781739131
523943590
207535880
1760935885
1197125680
1207964728
82266108
264714521
480062224
456385334
1339639474
1787858506
955032586
149741102
1538119392
1223720142
1668212928
72136732
1737668940
1360154717
341406901
223317317
1335981025
233369775
122437823
1151325699
2040717370
45206098
474561417
55284505
731399563
108816900
579228095
938935444
1869752785
1776353775
2146900172
1952018893
2041068296
479478749
260920579
1233224123
119853607
1215953166
1382965225
1657973000
292189660
903694505
1730109732
2029858600
116365574
2071516634
105692270
1452346599
157402761
228130093
456188650
50636483
273336191
930750067
105920988
1004735755
1039566968
685149084
1943671199
761836105
314019211
1943087723
566371351
207603860
275082824
827291930
1440827983
394936432
2043245096
676309560
2052909432
187951108
1580004065
1635535516
70326061
1696369639
1559568502
176018331
1001232591
1716971263
404148424
1457421241
1767607746
677484615
240687661
1873528735
1682220370
1280254629
411194171
1478407921
2042090734
725213382
1274011997
460978437
932817242
1549094821
1288270368
226161577
1944031253
1184031816
902471137
1849457037
1371982925
334991554
1337508906
1442308986
2031361194
749593760
1618327317
885110137
319081376
2022475741
195047730
2086689122
552476708
435735391
1812734209
87213431
1715990020
76444732
1565621352
1610597107
801658115
692149701
2071575544
1734475357
93760875
1212362264
1960636935
2037792128
248910433
715624424
1739765518
1620893358
1050615979
929790776
915718696
934493525
1679384536
386562365
1819603662
1998465912
261554458
2014651392
1937671387
814031166
302903136
1602921948
901244597
2018893156
1679366681
319382302
1482006615
333541148
1011532003
1406098512
2068016505
1105292878
470977128
1881169792
995601359
719887561
449310569
587883229
193297271
1499926548
1517674005
1109015967
286936425
1049574893
1495578332
2106540087
900557158
1757132790
1973707831
690744897
423680309
129127319
146183197
1324924906
536828
1825549878
1644307208
1482543443
11607378
508355564
741158307
2079623884
1613648442
1212135436
1813310028
461766153
1932022997
115136949
1049649382
2125320269
1615063497
419839739
1086852588
1901999922
1469414633
434947273
1861056361
222488143
44596415
1687280545
913233040
468276724
1816407864
1059416237
1793201631
1816944692
737482468
1290025191
1152004488
749089846
1798380755
1893162795
681230082
1264545550
957814583
347056463
1726311703
742353933
462193412
628477438
720190554
2077256910
1048317177
1807043142
1831773184
370248162
94506767
1545345898
592736305
139103183
1085142795
1505969345
607379907
754067011
417901935
253097890
423528056
1155384403
1543123082
1575532544
1904474249
1194020189
1321211691
438220684
311082091
131542627
785277147
2037393795
873896560
1247470559
518387585
1594087114
1177243821
1566704762
1253646608
861533358
1936952925
1348153376
259395608
382205582
1487256559
1344538403
1888174928
2094636466
2098605414
158593215
200250709
374649822
1313977618
1743373791
1950182366
1070968219
789910332
1123910410
1509188903
1100992424
1255453037
146982402
990902571
2129349597
1394452962
1509290156
1575953063
424213135
928511270
682116023
1285746493
717980547
2030269399
1545142101
1100186130
1370042310
742196856
840877410
1317195129
693318623
999470625
1517445838
1067968445
165964595
1113335981
870667164
1236932814
1903246313
1994577574
598638070
856755089
1102546963
745620472
1847657660
1084412912
2140073434
1209464168
512882327
416802922
2137975439
1194998350
1702549415
708472338
1077784102
1100207869
1808658468
300342764
1842404725
502052230
1617537893
388239700
1501522855
987500083
1456208146
1667487450
2100836064
179391662
756936617
1856598730
26485588
1355574687
565870171
1129032551
2101195159
266044184
65961815
2093784946
1475508352
578844142
363104220
1466000143
1773842492
2065653635
26988834
704142946
1018377856
1835647302
1004485711
713298934
190215885
474539956
1101538634
1691738740
1462040040
410263132
1211742543
1415392456
589654794
1968679160
1124507538
616140382
1176770199
1690377710
1745172933
1130481710
1956421894
1811134748
1076783008
1284446598
242495242
1439887228
602963094
2016337735
1358057216
629951928
572997033
228951424
318115582
1577482744
942250358
508331467
2052022701
2043788993
52586560
1366579093
306568477
1264329103
634487901
896223272
1085524615
1758995440
1512363654
114811166
1301889502
1110052940
1245292876
1110827748
773704040
174592237
247790698
1016199283
1614479465
850753792
885053370
825053033
1480705720
1458050403
1054004458
1798821303
888049500
1996254816
159669122
792588553
1892560161
212255682
11683998
51644991
1476584785
646171899
947868263
414625752
257683691
312748269
529436918
1559573193
1422801209
1774729795
522917293
49021602
1949322032
770707992
1065220885
1416317849
1621461784
1950274255
93887235
954683857
1260841010
1147891693
606021512
1406862
996662861
765690634
793995415
741739375
977946317
805679413
793384366
307047454
1451851313
1741252629
721673207
1709535004
2054000898
1251110125
1121624550
1329318460
878356272
1644541843
1378340062
680194656
267766187
296077299
2096512506
1889227972
98867906
42916093
696428181
1359708916
1190807786
1302449693
1361115779
39986999
2068140327
7627546
781726374
898602996
813306960
1575110740
1205650451
117674625
1168879721
1927323658
1827209629
1075396972
1030950135
801350531
257231784
1909306408
298408727
1635571846
442017416
566174914
1931649145
391046274
307919238
2030517051
433962367
1004347419
1242742319
1624770153
159313464
456374450
1664757153
79970144
464001997
298999879
978573140
1277308957
1874110620
36739943
1394983582
895506693
1964063601
1074709563
1970903665
847530089
1876060095
80651801
609352849
26985174
1716223647
1051370265
593160088
1500389144
1442416540
901079327
1383422547
1876378907
1905426746
478681219
1353665413
2064740211
935055669
870938918
2144710355
1399057666
1169938797
975799847
528882975
896565769
1012539791
1923866557
1792072463
829119744
851092473
1615492480
1676649833
579668920
1696144282
138519034
606654094
1264884281
1189889300
1199814182
617789778
484822192
2100893509
2001212325
213717451
1858836608
332409896
1567382864
1776093171
1267465566
290838134
1773319878
519039584
1460776932
601636077
1047922560
209859053
1614175868
824305469
2001931516
295811965
1675397942
1469940349
1972461798
107583214
1018600983
2110980833
714237308
136001616
1153386485
1914051491
753791394
1638208677
1867461352
607520072
1851926128
1578814312
939929968
1271825345
1207423835
59911886
1562663479
833260065
578951471
875956763
1434896143
1626874031
1085815817
901588363
303695852
940263685
1197400328
1979093795
262720386
1022378479
2086677009
1281321369
985875664
653430670
1417322986
2139262149
419998513
23630732
1629987178
139976217
631150804
1334429658
1718790530
1571080773
458771355
778730717
1630992659
2021434835
1611990783
62460482
749907950
899403278
1689334513
1835723767
1800991641
1993030366
628503805
850908322
1824640513
891224191
1873286801
1763833874
25061913
711678817
269780896
1442384899
703457318
689779409
1466015631
185960848
829755627
2097166436
1520390506
401062509
1520763561
1979161862
1179793226
1004272572
1853113049
644300361
1066733055
455537351
1543703639
608583920
143777471
1197211633
454130638
772281276
2048119955
131287503
1663505467
1773923108
1895121378
1688567380
338118277
17418626
983468631
1041575595
707198036
302000615
1227536443
1536953663
251683403
600443301
1938016172
1772446964
432121515
970325750
629235888
137750916
1614626112
1695968943
593288268
1010846103
157069216
737065739
60574088
611199854
1509347015
2108694043
742487358
1025368834
1735133503
490125088
566452567
2073251780
507543714
1549921198
967343727
1214741750
1851921813
47396522
604211765
2103605216
647839824
394744289
1728568532
1079961339
1365070040
210320773
1217712256
832212504
1906289716
1811000524
1843058607
2063358932
400582615
1903632696
527075139
1909929630
1864843091
1269562497
787814816
1452492947
1759687585
1354267383
1378261079
119747651
756704934
198121159
1334489402
461143099
245517681
1938701167
417264668
893357505
185961809
2145833200
1973318845
1551031849
208670325
1043547453
235760705
2114960042
707064329
2078819312
2030835326
1107646944
1834968360
410426817
870092926
1552327804
1679989314
1657907742
857337103
1292193251
864691478
88114534
1411940903
1621396412
286235693
598946657
2082539511
531753375
390164176
352320531
1425110880
576125985
350670084
1250946077
2127157834
559340409
147009882
215434891
526816803
854074211
146770556
410168482
1961721155
1981738916
820595299
684330433
1386583072
353100966
194754528
96436527
1645294217
1059446006
184551062
909751472
533358770
470786755
1508698129
468414633
1002540130
1898862306
820735165
280167363
327504643
1171405249
1531113440
307178830
1730745658
1678123323
522613721
110078814
384713886
669384277
520247296
198951394
503639546
1340842595
883281827
1890222618
1693943561
1078036355
1986659146
1191754131
2137482361
23726560
2101505603
523357483
494513315
1462720085
991772117
1497053446
1214098743
1812507282
1777220809
1541603386
836428883
1160850601
1848782216
419690893
691490276
223912290
529769707
1076204163
893296567
1050017003
1275155557
1396936113
243375951
10953736
1139675084
1937319512
1088990092
978850582
981589995
1078988805
1002577142
935611951
1602346289
1497090457
250848388
446634758
846660255
1464947131
111658392
476397416
859066869
948087275
1637248018
560365438
1367778168
181254646
784277728
1897547876
1257458809
1677574295
800081231
385130718
927026761
1043457182
396084455
2066701845
833293047
1485074547
898068779
1814883042
416579704
1900645921
603011345
2018925993
1250252730
853859733
318077103
2096912986
171323216
429735495
425826754
1030390086
1377822770
2063074772
1590755524
598117291
96845771
227549604
348181519
1354304580
1905123899
1148262750
1739435299
684667012
44236285
2135519754
603885209
877529332
1473110653
1501953988
544928726
1889690357
1255116261
1147940072
1761132703
357885344
2001799805
2079209806
307314682
25639374
361461654
733141436
1056029460
1739284424
648732561
499301336
189918067
745578332
726850940
538099586
2099882912
484491191
1686362337
1691834563
1169158204
1730598622
1679870669
1773043413
460644306
1005497674
1127513754
1005573032
747704384
235146367
6029456
361353439
593031711
2007829262
293079597
900346393
2033468636
654541251
1633487830
942014448
246342028
134736743
1441315784
436260095
880315075
20683076
974359682
832714339
505174267
513238371
377065255
1674332471
96353345
2056935924
1299892237
556997651
914949951
279922343
1562570683
1662654335
515068710
1568600140
2024007774
1108100422
1428945754
169603723
2008446815
1314930742
824144975
1494450997
109461542
1070487003
1629187740
1550777326
1506747098
362019167
1571460402
333623132
1194733507
2076634669
846861503
1571798762
1603483493
943214848
1481251038
755892082
1500212499
248717341
1035814425
915299535
1911371676
1550883135
336416027
1787895802
511499909
1765361781
1957499526
372463077
932808875
634160853
1866914074
1042270417
1704647856
1348618167
445564095
1063911306
1710637334
2017024497
1397534439
757887193
1946175518
96912294
182202307
1402175363
1040127143
1663453346
10583797
392855994
1912170687
1046398222
1308155529
1676058716
449797710
1644571556
1316470870
961297619
1262449689
1126486748
1333760696
47774916
1760647601
1053191123
1090045333
1317811809
254325642
1535609428
234239468
1964962976
1405150277
1631773907
575366522
1203842148
1728686201
757568829
458533863
621329696
273538527
469117661
1014185691
38225567
1515515883
174857572
1714284283
1965313593
1819429129
883271505
779127565
934395170
2009758254
2112888261
982170087
1622922207
1018595736
2072215420
793250369
1272921378
1460341201
1027489837
1090400707
718007830
511780096
1665767229
1921849978
92982649
275852410
232900194
714312346
549390938
702017855
1728498037
587616505
70050090
1903355609
154417140
2035363684
1575301090
1037688645
667007601
362212613
899963251
632412214
1344382700
375401811
1651007951
1269114472
1168652180
776445681
581972025
48658369
1866846388
1299979856
560438465
1385129969
1074346186
653421114
1660982380
1307246380
1367733460
62889670
2009264235
948747849
650506175
2079314326
704619811
804923315
1967194362
132437253
1842611960
486718315
494649866
595091564
1119130529
1839032566
970493375
622654832
960663391
2139145555
1399100514
1542635416
40320276
1118463254
695131624
600758741
356109576
1769477811
1254179855
2017091956
929240543
474429668
2079981626
791021131
1423177517
583004153
722851809
2127797328
1387927468
542562523
112750934
1083055780
1029280838
607400800
1678147344
927719
298949719
501157071
623582552
1259613110
492818978
2022683066
654764878
533139254
993662672
1349896503
1133897995
1349772248
971890666
240594203
1219380556
1901131209
715023871
1151878534
544668692
2138201388
1734882687
1267520501
2118515069
975326507
1810083024
83782355
2058382288
691880214
691183155
1589045984
692807934
990132874
2090203056
1316390486
102262336
435538386
1191589904
757027215
968677641
37768928
2106923718
2102575636
1387541177
931330736
195686191
459438085
684978297
910710062
1611316620
1229646990
901427803
1198715659
349683843
872459224
26558519
12283220
956241579
2084940807
704163434
1647424734
1526503143
1396971368
490073961
1469222551
565878206
592336297
1904760938
1757468110
1349363512
725954931
1795237039
1308803582
681046919
1035294568
92650670
876733111
1494732653
777628968
1787443173
958565625
2007275958
541387328
9797637
209476153
1413846552
36356156
221759373
222604483
2121296963
925922808
1870029218
1500316458
175410528
212619531
822055362
741288735
804955828
579332652
351273197
6835693
1305287583
2146510236
1315639275
1986334502
1034321156
1408289946
715583965
381570162
38435266
355543491
1340135787
2045711224
896930819
1349933424
107703729
163293724
1386289580
329463103
385898207
1360102895
1255385911
108443777
712935706
1430796439
321063308
1534991068
24601526
1126019137
2114323720
375874724
1132854830
1272127655
374901312
301010457
1110978509
1409222469
1709300403
1826562475
1790792631
1747735669
34622318
983444770
1645963245
931553137
185894547
1753666975
1094846861
1572184127
2083130078
1480745069
784803375
1191032341
1589188846
1497739081
474345132
1910252155
885246501
498946659
888787644
852086573
874821383
2021642474
2124214228
1249722695
175169283
1087709089
511461516
1884469687
766787916
154770499
1484721708
801410234
1138215270
983201306
1732963372
1324109817
589384633
680326585
748810296
525031063
13588006
1533613671
1716063404
1602776853
883869104
42924888
1365545360
1769115605
541871547
106849356
473718530
1416692930
2128491830
450449110
518931978
156177465
1538158200
1030393494
2040647152
157462468
1185163994
1377885213
958872703
175895616
213602871
544352427
1500005433
802987504
1224679012
101332081
1328018567
1238267019
1634945753
896598323
693560224
371331209
939523211
2059105584
2140446815
1481394759
18471292
466681697
750604041
2146963122
917130808
1269536019
155656939
307805360
152445866
48820444
465267828
1337609860
1426705657
1424140531
1513505476
1640308528
1968492958
866027261
295812384
1045688323
967359342
1623830951
136471694
454821447
372945626
830031918
826152657
1312468837
741653854
819115824
646379948
760125146
1285797521
1396983990
759604620
55444681
519036361
915261559
363250041
671482227
964082003
828517870
2009092087
243304012
105174753
1375113915
1883612540
2073667712
93657528
31941276
971872387
1061016871
1655772227
1108344081
1515838318
2028717853
1938375999
194507327
1193703043
532546205
1013623151
1840082991
1292671351
151937025
1089583333
2052275971
207381706
1608619695
820053882
570631748
132618274
1784135886
1399149618
2141710362
2027439898
1504324371
1369340629
1763568791
1430508435
1462998158
1795510067
254897174
376531381
1303798647
1363241255
1892369699
1185032852
1154133606
2086877027
231252247
1686679811
953016530
2071335239
831867514
1104953555
1013434924
736659837
1312335262
474570971
1556713720
1882967010
607189246
1193365958
1134632980
601415960
1073322208
491473703
1970756589
689407351
1921982139
1286271099
337433771
29395665
1662802480
1641232418
1392636921
1407688532
678781622
399286879
1347081911
910033870
2085966691
152614793
833885461
770350557
1257568349
1847320385
1507010395
422419963
174407709
916240467
157903325
781596955
2109606425
1292536305
1383012915
1035444985
1784010008
1206285856
1724852337
1558508499
345073308
2062286108
1587904165
2007875788
1556034878
833057438
1268080672
87332852
1232344317
467678935
997366722
1170827360
620293729
1831252183
1941177918
1877862078
1531088921
1300704665
152798393
1705496630
69461484
310701718
339609937
31584261
1603238023
1722622852
1067029246
1239764383
781425060
644397935
650789235
1126498368
559200395
91209752
986890509
2115235273
924267190
107487533
55084478
9127859
575166469
1052451200
1179955220
1195460198
736219736
973649490
925838628
119825009
126870507
1078637021
1825321639
196331991
1389338739
17447928
227916252
845093114
1740070780
1294945498
2084857497
374012192
1939343434
588163084
1500510561
351060181
679372836
339917422
318811807
1603640026
447404955
373896285
1612767886
1022571424
1426347485
645239458
70547974
15083573
1618888948
996386602
134908582
1745759455
2075023623
1960230221
1942091446
1316878714
1977678149
22524050
14488180
1570265281
1317469548
2099345678
1944277474
1109329334
540025114
1297304387
1460389516
1219397951
1637221809
1779201323
675554329
2084626764
5613960
140838567
959714541
1431961445
786078025
1030262515
1447045019
257483325
2026649118
1581953601
2003242780
1954189093
1394700175
1797850578
1123584160
1224894676
1820374628
1138072340
647676310
990360529
1089934370
444470136
2099689863
1629959485
1741774523
1412595731
701873788
1231512684
1044313406
1377428117
1168655800
1049927366
1518266685
2128370341
334405164
156861062
1011149209
1781450183
414344388
890314679
1215920136
270103520
697020124
463136663
2067954099
1820604284
1688031340
1740845079
811192977
188224002
583721960
1901127347
632694138
535928176
1383603184
226985013
1948523907
2085476972
1458497697
845353666
1315421442
479669849
1895281032
686204479
460556543
82202548
843065541
1471705752
1863652731
1257409929
214536783
932089220
1527513450
911556907
1395225883
1447983901
584677544
935773575
1041345332
1395870521
1123997577
1625067293
1149514220
1756691715
13511821
385633757
1983676728
1962035728
323627081
1294690777
659905746
1639048523
1774360627
407703131
177769354
87433522
489905679
1020834896
1559139274
206074763
130761177
1773676057
1138163983
1658274627
537749316
385906218
958774880
1122426860
1321679794
2000120213
370813733
298193723
1477703858
1520327954
2054885439
1491215679
1905961711
1891078519
1305767759
82105144
1038285649
1965673506
1721153668
665162628
225892989
1898923022
752596150
715798668
772274270
164251776
921873431
903035448
1937927833
2060037414
413826427
328193501
298459985
1372601308
1450620362
1620139779
1225237873
1821434095
1918333502
555458083
1194278401
1825735293
2046673762
952756464
1569330165
1204957873
1034861609
460132166
1023147731
608531629
1125294794
1249040720
359971003
1877890944
1964839389
1132245274
2042142720
739229172
2035280722
1832586905
651782939
301623501
13296758
950242924
1674224809
1463917120
422899055
751979034
1137867568
193748909
1307437117
184662321
2019484203
1206627231
1137418786
1441330720
264101457
24796747
1901462886
1287249188
633328376
879274032
388806261
993299379
609681328
206162002
2125544653
504340400
945391174
2013341727
189443657
1597174113
167481581
202740415
399933389
1841706390
1666657536
822832444
446201777
657041456
1016581354
1753638894
841703777
888581909
812782478
1979122563
182428981
1076883935
2003919310
2083891867
216649475
489764038
815682251
605455736
1483063418
1425363579
811617738
1461124423
1929703979
1757008913
1326982503
2119147636
1206699378
1494464084
174404403
1606632768
1188686826
1841061939
281981564
1634888603
350619747
1298562918
1241043850
1192323525
39661179
2053826328
1023962440
222090160
983226615
880398103
158498379
1199876090
1370162141
974180630
1805331827
705741911
252060561
469465917
19382687
34280892
78991182
1346365190
5944880
1285690561
693345626
180349284
744839681
1882032452
2021411223
1026821245
1369437408
224547323
177900516
462997610
1416870848
217561695
369340290
293349640
439651856
1352566905
1173747743
598150235
404959347
396426237
1572330866
62807526
1102168148
1824391427
532273444
1121550835
1858672320
611264626
320432377
1864617200
1896955187
1013778003
2044966484
494311220
748326808
1918894060
1521132466
2117764216
2143441383
1699032982
433278178
1412828583
1916594677
802618468
1706178223
208762885
7701725
732442319
806913121
412661072
1128868556
231760339
475468599
83553056
2056151766
1007742043
1205103892
1767340438
1619006669
1525536269
1484473991
1368478209
391830625
1381956827
1862789429
1140157433
1153367239
1236438247
1110438001
1149324974
787987581
1543716179
414669909
557098611
198850999
2120848133
765861496
206552724
705806804
1572774617
619213796
1834675360
1804534956
1094682395
1918228416
1713203075
2102424438
975848660
1333059865
1573947460
353901282
670050208
794942021
745731907
2052007036
510247802
1885889340
1057890627
1746686050
848843693
59731954
387189983
245076224
474401863
944288594
443927223
447766348
1710150091
650479947
1153573152
1135441060
1269693743
840764864
792492369
216892491
611509633
358211796
171833281
1587358293
1691271661
1745780741
1941259575
213838222
393239114
539507834
118361610
903486917
277913526
1176252237
502689319
1126757219
1235984191
889879302
1371833443
1710386055
1834167897
1815760666
10668755
1396834340
318756965
1164241908
384791752
1588450709
2005006772
1177284121
1805343200
469032757
1535495917
1977176481
2056391051
1079283931
1575473575
1850166978
1293122153
1968712689
242191165
1411483763
724715958
520104691
440252352
1227405277
1646861911
1676236544
2117284580
871211706
1239138951
1803968829
539488725
1249807706
1053319521
858245690
266565966
1438111273
299212751
124089091
467911747
2104555951
593121848
2003407664
1934248785
502029251
935207947
1362238712
204712582
80846452
1183467753
446903747
1492330215
1908183712
967008438
1932582568
988105341
466386701
1461335464
957906273
1337598408
552990767
614391454
1877087133
1802798473
1667710975
587849175
2069364440
958338601
887061927
45969883
1426250348
844134230
639091731
1282174364
630899367
1141120983
69898664
1993138079
1345833565
150745116
1029122185
1792737312
1643075332
789822249
612262102
1428174252
1777927590
1078648804
742026068
588350216
268763564
1295016835
1202741670
2145850697
950331660
722968998
586216224
872212452
1681307599
1473278151
918182335
960074299
169928734
1557274067
94765015
800828101
550911402
164663679
646482533
1896744967
315408796
1675604718
1541998631
1958484128
317943319
6777085
1239174732
2095870909
1085425889
1981200800
536737477
1354189453
1128733987
1739479148
1352556502
2079065647
314964498
1938772727
803794452
1996272097
1264567230
1721976787
808862748
1434495964
1131767206
903627763
87840418
1682678608
1068291443
734322951
1431939927
1383700239
262444021
826454910
1194700719
580387340
833231996
286391803
528774601
1918657885
120108955
1065512079
1125363691
1248842942
657507579
330436545
1180424941
972472077
121725624
1984219393
821260526
1386292855
1558712533
1630123274
673305171
542996091
386267389
761145589
78191052
1454558832
1495468540
1510130979
690775423
1757912561
189102242
1885476142
190816253
1022334238
24384297
719590855
793508475
144493252
1785102934
1918872166
1393336194
295126865
101825064
426277488
1267598942
223550688
263013233
2088859468
1609843543
1821725766
1571499094
135665067
217238210
1957766483
896810656
295429262
1264841668
244795549
1805560241
1955617091
2002708110
1994662483
1693609586
46040716
869513073
1717993883
765631571
1663021549
1862487136
403250857
1434410067
1108339682
698377722
1536235131
1534617170
1965976664
1759785820
1797630404
1907352484
1222145715
1471872522
1331367930
1357810782
1689110732
1141650765
107137791
1984539994
259008785
351933340
1642616588
67142229
207157802
1489795423
1760751815
253198518
211824849
1331262050
1018830089
1874846398
1046265538
1422080946
1161772817
7121573
2120458668
550524301
1541738743
1938951684
162826473
1191885499
1698820520
1384972188
516274374
882704802
595299323
57901458
2024355568
702437114
2042441453
135880705
1054370454
1537574393
203022934
1261528256
879886168
1963774749
1514726775
1091711017
1147553152
386073216
819073767
46335042
1808154163
1980846585
53456615
1781129183
383887238
1595195359
1572597220
546713711
639597210
1123934092
1931685899
1155871584
2006638895
379501574
1213773043
1883510815
1081938688
1108730848
2019391520
2136309142
498821593
74930807
1250353751
1378707761
2038705556
617596878
322935131
1038775060
1003670094
1142008898
1085110103
664340609
975371835
1138566718
297986145
1359259073
586278429
1870583365
1905972784
1225875640
847033809
1690175036
234263576
706189056
2069676610
1448036619
442216223
1004131651
409283819
314124096
992957145
908105412
389054903
95827248
139329526
280276811
713424126
462264657
1319051872
1717094221
1604273555
256678327
233951182
432161743
1395245045
531937327
1791420816
1981523475
255037044
1549909953
1059915467
1102070854
1092601341
1294179043
1808259910
1014794303
594732015
102992486
2018925954
1004015834
417116582
864399452
1912121247
806171485
960226700
2051450773
1086448296
1673650827
366231782
258016520
1243261400
1970505337
514694847
1477212582
255183432
1909939893
2009149910
2046604249
1743979720
116703306
1449030554
656411539
1218774160
394148247
1950590582
879550423
1408942550
397838949
982542909
1280384857
1401854784
1399659491
2144784309
1166492383
58347328
957527361
1070459508
1144795624
483694540
1436691290
1402812145
1726955940
1259712979
1917506992
1056684875
1514896412
1679963237
918351137
1414017013
1276459309
1035054443
715563919
1932870848
106344956
1109712166
1735977783
985895379
371171068
2133816732
1968438288
1651555925
1388187868
1220614131
1648856586
407196603
1278961459
458900300
1477656111
276273435
942594840
766863753
1679085580
522067133
2026576733
1449108925
1578752008
1393989497
981588514
349619497
660522862
110564176
1384673940
1376086781
2043435024
1491018896
338315299
1631929159
329430627
709486367
1618262244
150385267
213558645
858966464
1370999398
1862415231
1266163068
502477209
173831883
596335531
778750645
1116426724
1363199285
310352577
1638493857
1242292370
1759461502
1069762217
488798219
593566369
1419381714
1149321081
704130545
656572006
377924214
600081921
107255
716239513
84527433
329537882
1425725880
1702789677
479923150
1639284525
414272493
1850922548
1354216109
1680435561
205916110
1528047992
129287445
984666755
496991068
1492486730
1295019332
2135484925
587295452
906997187
1057763494
1076093671
1500563556
329661560
77931104
57210453
986233567
455855318
657292374
986340822
1172094831
741819807
1315878704
450337063
297125836
1795801854
2089621589
711398330
1499240755
1296354050
244350243
1705156865
676918394
373637688
542339972
1173909463
1866124418
1837359304
1161910740
305936222
596872843
72190587
1382029893
2097436399
401852147
1459960997
7163204
1388085714
1915816315
664455579
226942888
940427498
1406275386
1542821593
1390764562
1703401223
1191139799
1332902503
267315905
542896906
481772905
511666148
100570123
1158691299
885303837
642910095
185117114
603944607
332785752
1347027855
909880830
929658595
1419218442
144427075
879611347
1821070589
1604388073
886774551
1061672656
1372720740
1551230130
1288615544
165664591
810021869
683953489
1556429153
365939444
1875093289
741848008
633255349
270506547
1223620913
1144921497
371076671
234828564
2030225334
1013986766
419945679
486686294
1346772518
1766973534
1396567124
128947466
1038708328
1540994199
1008558813
712295269
997898624
1895333364
1773967925
223135717
1299079847
915099822
388800308
2109101716
1599053311
1945229461
327557512
1326662952
539593821
960812861
1597169500
1763214734
2105734358
1968246171
1998043298
1988476045
834749289
270505329
327678691
34038160
2037478863
1724245815
162985626
928703543
1117756366
1171544439
1640998813
2115654991
919394155
1267483090
191307060
70990354
35099264
580107368
32608422
1634152576
377853181
360165934
813331880
917447002
1320978795
263017732
533178088
1279229506
83780255
383737738
1120221903
918529545
654243068
1447900594
952567705
544238283
1024662761
1115553331
1472941827
2142419127
139614122
966456992
2110590470
1059008277
86456434
154413882
1129998632
121555699
734521250
1162607054
1755708275
1112374431
1522772989
421556507
2029821433
696268136
684574240
415515873
1975497642
768354495
799253612
948235897
1686884040
1453496680
248652843
491968097
1997734963
1273315604
1607521428
1323193142
1268251084
1747135550
142166486
1231357906
658660180
228622921
1385771789
1788658812
350178620
2120293039
803782218
2105886895
1085183823
179071559
379959754
967521608
875339696
1064533994
1383037482
703353690
1832888490
34807446
1651589588
1372288882
1488304126
1900242431
1864256980
1338555441
1026074388
1324294760
514264936
146841824
923946663
656431422
1378199730
1582606843
885054343
616487871
1223782007
1235232963
589297263
2027564225
1193636210
1674481086
59152137
1573595965
494519046
934491833
490646311
1877556528
1637845523
176051153
1912363974
1141951463
1548340036
1253184452
894710247
1265113368
444256246
1920784635
441924480
958521182
2067626459
1365871143
1614952604
1298342541
800994338
352523300
1914830413
2024776345
1587756263
356644028
1904856923
633908826
2031125114
1964009060
60021143
378160512
751017245
550667454
108233393
241379120
726718608
2020597367
1383330584
127574996
1126298172
130557183
1392688364
1570554418
2051341818
1834612844
381591952
1971484629
1053000340
1996544556
1122343522
1853994678
201584208
889690287
1731287376
1789340472
1246334315
1488660651
275765650
1129975781
1305186063
335786793
1508136294
2056203308
886454247
1616369687
150098780
1613172855
1489483406
1533429364
1740747851
468297930
1663986547
985952567
2038852348
1567844717
673081764
272960652
1391845698
1726082104
122021561
366705573
1432593134
323605769
1256395860
1016396862
2112946241
355246528
357573865
241228243
1485222309
1662759928
577015036
845874955
1571479588
1463469284
314760994
1721578369
929158491
1804244401
1107524085
522422695
125058683
624026985
1508375262
16427384
44388054
33973378
289388036
1436233753
1760055482
411409597
1802939326
1045164969
735015367
911851538
2061561831
700477960
1267098066
271652049
941706204
604836728
1934411977
1518721240
1450711683
1358407918
834706876
1765472678
932502639
1763865368
1422233431
2040026724
138804415
1547292114
516570061
1647179677
1563719498
560958116
1681153056
1853107535
1997191869
1293724890
117033484
1652647547
191406211
852048851
417015437
105484395
1552526812
1684113504
377136444
346749368
141466584
164064773
1865470608
1592178267
1522472691
552693837
1210167297
307491682
169075557
484917080
200034759
307879972
2032209195
716604820
1955059649
1448445045
1277562936
1488729057
1154068932
1127271157
634970300
1271102417
632435056
826376511
2123151268
1049450494
931860906
1528194432
586080350
1308997350
1874943800
727546934
1473062124
1592930761
172241553
848051167
2145624598
1382408851
1155542850
167216507
1867325931
1355577609
475096479
1752051478
2072182429
282672480
1053012876
1202261718
1771401538
59598160
182049227
258888190
1330700577
814484284
1085264701
1306368198
1863934778
2017125608
687078982
302531480
1178639310
414539135
1030078414
504217786
2007469896
1202319967
1352268954
2005610846
437245170
360328156
25343705
157087454
1715905765
500440184
1909138932
1640604546
783112664
814668160
695382616
407030554
874266321
877431844
665918744
57483250
1691916128
1751183446
1363851448
1408367258
1620825406
2050930431
1710898738
651981068
317985918
593493504
1156198855
177972166
1795813471
360984161
36099364
85574994
721312317
61443069
242662448
289734434
561883253
4317732
1930338980
1344995917
818985893
478237949
1752026472
1693252214
1355669793
270461568
1750735464
900102273
2021645014
967103265
160985883
1494986772
870550048
1871884621
2146967841
1188535966
317894477
1155683048
1366508132
2113707948
1516667209
1402607496
51799294
90495878
1464050565
294461742
380230312
2025933818
298779475
163085644
1223446087
1117765368
641323593
827988911
663533934
1996993386
1098450480
266785750
749612011
972611846
1233889015
910597894
320114971
2104439063
634998867
319599164
1145491381
952893344
1475282212
364515865
919117645
844465773
1767123361
970916939
934961651
1083690278
1265378682
1315191963
962140448
1564158157
1478277607
38102888
534439877
2119601201
866091799
1197973811
1969110939
1964542279
1464759561
571239303
789670478
551164929
1481837197
1109785449
508120344
2116836065
1429384613
1653611726
922245761
757183177
2018127591
1841363406
1601648950
1637767305
664796698
389126953
573973935
1930175380
1704318916
1536114384
1346849889
1035112875
1574217272
1881289766
1007230428
292825423
931779929
828857720
109884055
249055842
1400097023
899554533
800220771
734450572
2009339982
1308341116
703802989
1291240947
814469194
1626048751
2048424124
685113137
1319928509
1502589426
175396794
1984725207
1891716379
749370730
1767416939
1448551647
138001466
966783180
336180874
1712218738
700589298
1343411303
2005044161
1632369227
24785375
2114928216
1881425070
1424882398
866999101
534162193
11849322
728855435
1842503309
715652312
2020096382
509488855
194217415
1921036858
1194601993
1514145924
1276142636
1369998787
1351387484
1020375367
2119369517
971320775
321443366
109887335
1938103956
657624241
1822106073
491209606
2001035544
1679666587
2123578834
2025820919
1647111155
1857520256
1303219669
366626609
244198801
1315068991
1095482044
2086702111
2030721303
968094779
448707318
77455070
741647989
1643309311
1591600995
2017790626
865824451
795504831
890682345
837710320
1766825606
1212125712
947597656
1557445914
1869749953
622220081
2048655521
1723301849
154403020
2024750707
1601639120
1801514176
1734787315
757375141
20657137
1978986116
2072444132
1116139181
1918204579
1955681788
2084233960
219428250
2033136858
678398302
1862737561
1477254205
548705280
581078364
125275388
1439387625
1418788685
1892100995
504029689
218902693
1302063261
226295994
841122774
1203235134
1949597843
995525795
1080502193
1403753315
649556323
667805860
13644808
670213460
499308329
2086088941
1786352641
270029260
1894287081
1723102954
489457510
1779940291
254017608
204711424
1109710849
802722888
785789788
1234986237
94626865
57094825
979603584
598656555
275997518
134183198
824952549
1117120293
1337418332
627066745
2112646088
270436878
2030820060
614718763
938242738
2044464869
1284932223
1437551067
1983070162
923801216
1707580328
1729873595
499420522
49554190
1362330238
753438130
254265614
324557439
1556161018
1040055403
1559543677
1650787884
1097150228
391663613
101960791
1373147747
525846811
926913340
342784392
1863265144
1553980085
307946832
2133702022
1437316498
922665595
924461112
1334297719
60114170
214528532
1169884233
983915386
1922108860
752274180
1483335909
1971663050
2114604418
89290391
78445017
291678210
1645451410
1118500420
1851221887
1148755646
68167000
95401852
1250716437
1441314747
621248664
30146129
1784099139
337030160
1584126215
2092045971
323248534
873959065
867227918
1247709646
60773136
927342088
1462238178
1230657369
1911257475
1236863390
1982931549
1247109736
1061042793
1950052319
1336400127
1139487810
94246881
834367889
110504582
1945468768
1983123535
178671582
2040870621
1086356324
1619986330
514635637
1116502454
1256601821
851665797
553145021
1201164145
1174914331
1427104086
2068392063
275140329
1487877222
848250504
1737378508
571050943
612024331
826758250
406498844
1859134067
1887801043
209067515
1048050546
879805205
303314397
1882418436
990309787
101299517
1718058323
1168981370
2142170138
656931000
641484052
509322127
1773433454
1898085873
1360987924
179094827
951766370
388418607
1606198913
872674786
663558937
946592487
1720925290
253453797
1517643430
185465973
1080212047
1924142274
2044600040
820529443
2133209789
945166938
1700334648
289040538
680101726
543160788
390340056
250676402
1712142158
385026546
907607402
206142562
894348674
533557208
2104228435
107852950
712652035
908511158
496271558
171367300
1781185944
1159830495
1117959787
1354627586
1413284292
488119569
1540093559
346012691
264778195
1437209951
1166542134
250504336
234893241
719393135
539544875
914994968
1262553923
929884931
1165671370
827212433
1314911477
2073278772
1033354995
61776503
459352332
990099782
169629454
1172004367
1898610940
665901012
1343371667
1532313236
1825731507
313847806
739457174
1091532151
801967375
132067085
1437544842
1066745570
1569277036
456603329
1317249906
1804170278
1175996464
1856794781
571681598
291066739
639196064
1737352968
1118279172
1954107542
1663148092
4150519
2015884045
2122500424
994250301
38029851
1147021143
745377594
703930863
342909162
130207182
382178722
656756968
869664357
1473710873
1458724343
1001731442
763772068
377986265
423524831
1220375397
1695236171
80211461
248888213
1404547305
651893059
539954952
2043743369
241762379
1658234124
1850367263
1904910471
1662384643
1718767661
1879927247
509151296
1756797512
879464742
1254528890
313244728
1222373904
1384736073
695423450
1879130872
106916782
21650676
1190371567
1108648224
785422744
1568357832
1532173055
2005798141
1116110355
1612384516
107202706
373174012
116793927
647157658
269433734
358556306
157908134
2119800997
115983129
1820292777
1691085010
1995910376
181960425
1300398875
727891470
1436489316
1613643603
1950265374
673741741
161583405
1681912598
780658523
183234081
724800517
1889306747
968656825
145674701
1273996155
826971318
1261785057
738897023
934174024
1634959069
855690951
1581331682
1904392803
1214247257
1739239816
1876710153
1330230387
1412048945
1420311515
1178657115
1594009371
573226742
1906548586
883015039
39386697
1709330312
1556756780
200970103
1243759263
189931655
384204184
1968559780
2079238402
1352861010
2114234482
1205750909
32348680
1228535891
1944647933
966522705
716011312
652855236
400370739
472920468
1867102493
2139610556
202146973
1049849232
1404175853
1622458488
81022700
850701576
48201583
1987571286
1733716615
87588280
1549417950
1142989747
288558383
645693565
1332921402
672762568
466769698
1264676157
2025623578
433520532
322943418
2057972258
1662056423
120107703
877011315
230584087
772962939
1277382055
703504555
492581785
1269508963
905651528
1542431017
526201168
380626369
1623453717
1376902745
428827952
1463541355
963135712
516416232
865475658
2106125460
804974616
1511169223
1291563214
1477737184
1977938921
408755723
1355877114
263975805
731699142
1266365724
1926032228
851806845
2143377040
9132668
1624769785
1273275447
712637223
2117351570
395300762
1618288752
1512298939
921501930
1998915121
988269009
150921027
280259425
304326716
1114056740
796675657
1169802374
1072698552
1601650273
533487950
216778118
931903809
363943223
625533842
140297275
627919029
1357232984
1406663000
406467609
61556181
1402556392
415600277
1686325966
528348191
1128237501
1656193888
923648953
599042605
1021009180
1845150883
450474078
2009278189
1996071911
730733503
166121257
962645003
1527409160
1335923632
2035343555
981575786
1869411582
104638025
1913479595
85871157
730171867
2053776871
713790186
2087404851
1312956223
1120257796
1477385
568028967
1535858073
1687803351
1096377158
516611926
1196513592
2020026111
1115654531
70039124
1717693346
1566128609
2079317313
1566281609
149378464
97954922
381442964
1676787625
1433878554
269302871
510879763
1155806488
373940897
276875710
1241677646
1104112764
183168933
1955467832
1044033968
1496125156
928241980
1045511353
2064154123
316616406
585831056
1013047633
833228332
1782344648
885590096
1948882864
1852383772
455799795
1367527825
1784217437
2022081404
1516906290
1882172360
256040721
1046210267
1168567266
525343592
1557090030
176890107
899284489
1833965740
1418567753
2003397254
2017134674
1226551937
899947574
1365776182
7310270
1945458927
1282446658
323926676
383806335
148010643
1157155008
18667336
1033600740
958554224
1871051108
1489400535
178598402
1507784898
1363998291
1695504692
1242473610
1620039012
594231311
263557228
2145382605
3837693
440447335
897183446
1837803433
1859015088
753097052
1707454459
938083378
1653044626
925746994
945393648
1451019905
60710004
1269320324
1834826241
208720647
278991684
1853493577
1242321387
1237545909
1577061037
584238274
1416144311
937362287
1948236566
964165355
32352249
1420791930
1558396666
295909478
1418690887
1562234359
736356813
168390686
1252554144
447888254
921487738
812524956
1385971632
427048717
1738271950
183881632
1878068622
1798981954
1453201956
1565411215
2007702601
1732193640
1271421144
1102540341
822255901
700998534
1686778615
90916564
1638360821
1487531533
1055081919
1670713071
760839816
465994937
1966622549
32047055
2028229296
555495714
200437741
1133299793
1003383968
1121925480
1945824749
241871952
1548974197
1536613051
425753584
1279559171
1188111357
1878955540
697486739
1048330310
1463665533
1968907883
3387003
138437786
522422769
1690165619
229354351
13299943
1030213504
1284436270
1684013014
1791053320
1750431208
1503151915
1823100376
1631176856
2058647629
2023538117
616993001
914547950
997979949
415334102
1156419902
399470498
1951947153
1582173487
1679029670
992574862
1313645379
229032761
2040905173
629827264
50456996
2044292176
768265051
572879766
1586974147
997619402
586179709
469704004
134572024
122709075
113273676
1885003232
1625860990
1936374052
1368696441
1537024971
1812428522
1985689442
304089273
662924823
253539897
1460509176
1062395322
58003402
895199015
593941344
1050578265
61360746
822974105
943999790
691188011
873431101
840808318
1459453062
1446310867
280298818
309588816
2032490576
750002822
444160840
7716003
863276498
181680425
1633576993
652166903
1550376866
1023118317
317111777
1388582660
1327207590
980036600
1642122557
640233118
2042431922
1700125960
1535432133
488889618
603220577
1596792880
1311863723
1547220367
140497243
37811177
240545037
1599950305
1484122044
520843855
1909539121
1369128973
1270846677
206216313
1376844976
2134123176
387896738
862938322
638806431
1938273604
1886056639
955918208
1179372617
1065780581
1935954808
674011526
1706013700
1830903083
226653838
1093962185
172309053
829874415
543271417
1484172777
229611134
683768660
1521983954
470156172
136235317
858622350
991000027
2045774438
80267675
114363057
104507104
1457112652
101002585
492403842
172567326
739809016
283193799
2058623965
1695727224
1462566416
976920898
1484198384
2136577942
535450950
1167617819
215748133
1629413136
1339926873
1045622548
25200905
676616002
1275233683
708969566
51116308
1745389855
845204883
909738658
588906234
743495674
990006334
703269291
848002778
299635338
804271876
1340406620
472202664
1544080892
1623600419
383342981
1092324468
938683187
1360263879
429039205
927777482
1895714830
1596657024
1143525615
1377644318
789100249
41664515
1402845223
1465716251
1316898198
2111814789
1516832559
914804405
809536025
279087570
1503710640
1553031699
1269093904
59496283
253550829
1568729242
863768160
1593957449
2040931906
260365404
1070074221
276791239
1352689873
2008757408
1637055118
1781729078
789051242
1385286300
1230902454
1932576857
615446970
2020002704
1974241373
2018292194
1338235307
1143655923
1982623335
707584219
2058460329
644675712
986671789
1414687321
50223763
108282045
1474183604
303774592
1677011287
190468116
1897732042
1570459545
450833521
820322615
1847250784
1803523394
681596375
1336822254
1437768824
1470647618
574624907
521187630
1255740827
1190071877
393706686
1082498552
1060880423
1731941994
78670828
896020111
292042565
2137131157
1540695823
1278714354
1404334830
1590919587
1386996399
731034786
1894694179
916524038
921502903
1644942573
339499935
1372336424
317781540
39267071
1028376170
999377916
1376089325
318661346
322541886
1950714232
839848976
1578282713
993302462
1233555663
513297618
2054182885
818014009
591968446
802719348
1110056574
581615955
195931524
241287280
1985950785
1786851111
1628283679
569501923
1534061642
397324069
1491004826
1031520568
736824004
715857602
1349302108
776091075
1744233772
201196376
4696752
2062895118
523738262
1955410985
755260447
2102020976
801229799
1988816110
467834946
707929036
659346471
1059803392
1510648385
1769403045
1641419347
1706579909
2010690325
1479886484
1345947372
1491490356
2049388407
732525366
1888814425
1392909586
1764045934
478154781
2108767188
965864395
1254245856
1705517313
1167060771
1258942608
1620928783
1690799034
1066869945
228705582
1645336362
1868099744
70038044
2113171308
428545133
729384515
1025491052
1939193518
351303912
519426751
1498289779
214510589
1999313235
696753503
1706000945
1901217994
1429278869
1447331722
1146643932
1045841156
1925486503
1107927473
2011705551
1032248711
665961138
1031282674
143707672
139406273
574598060
1210577617
368111856
72450774
931193714
438149900
38138434
1359738847
1167534416
1063629486
1151448717
1518838328
1583056237
502254848
1733348918
1434885824
1199008351
1291866215
1188620171
480803572
591714290
187780455
1526644728
369717145
1295707928
1390866631
1401965857
1961669066
274665658
1545673529
2101075340
849263718
608767498
321703548
921714493
1539961212
759853448
959852927
752216411
1927387864
2023482414
1903665128
1298742545
1459055003
258436328
884607815
746457180
1457444679
28990382
1935077351
1938248252
620704672
2122857806
1317409332
990421818
1271082087
560792316
244904027
1085267505
835457974
1790577556
1038859197
1684721692
251861406
1360562745
458952537
1791822619
2120416194
1418805465
396555382
1900320410
1294804231
152736863
1051579307
606375586
411173191
1936187122
1352832766
1868617871
1965177505
1140426469
1659382475
438398529
1115800628
829308159
1428820347
239399067
1390100475
1673724374
1324666572
78074801
1316818282
216042122
1762796494
1568679689
1576604867
74265383
1213018660
1549537413
1493070848
1609574042
1302374176
640391431
1762310905
206469835
1246767018
26000449
2142656958
452116136
1894618320
1960350815
1592542606
1406517147
251265696
560859586
88341658
1680086044
800258653
1478442134
1206326770
2124925225
1556516935
375661405
193483699
1171829781
1944341094
1770088567
1246095165
1009876106
1172142332
591682365
471966500
327032860
1232073797
86793758
533502696
331357167
112794207
528676006
783473303
2007412527
341543173
228532261
1266446026
592808869
789391847
1354787684
125411265
1589650500
685746170
1331738036
1567092078
94779458
1707399441
1760575777
1266609239
1504256887
1383180696
365220756
366649345
407839381
956903122
838615845
734872241
41493271
925409603
1268374937
372850438
1038203810
1797050943
1156323741
898132689
2138594116
1384856003
17095067
583919338
26764202
1371882752
709330603
1616414703
2057628922
2041068639
1036023133
4924732
1600984432
649115262
1271533972
957757671
2032295959
1636754728
1324407016
292651692
446174202
15539214
1027523933
487667473
940948817
148415223
860517911
1979152628
1945466166
2016841653
729801669
1936576635
1254214008
746896737
373012325
1280978210
2118779489
1082342928
749909265
2028924763
975927920
1785932398
2033849496
429428704
287564013
1157899820
1387186376
172376324
647170900
564109744
465028016
1093345103
579648958
1492551949
1581012576
1520597776
1640967172
294046840
1352266756
1438949691
163404845
2082068425
1228042678
1417618853
681481514
1601055003
551113415
652777355
535914283
1301022681
534218471
1511842203
939471431
420584319
1941270908
1227035444
1578484139
1180973636
1399411768
78171391
1745083380
1864439784
1171516494
177248691
1209508086
605045423
1697846467
702991610
899092263
902629575
2141941301
1062497108
837214352
1222500331
332632313
1518695867
676071686
883745728
23989574
1211985970
37284761
558208045
576344525
976756193
978792364
370131785
56307989
409792855
1551105421
1455719758
487964247
1148705154
1172675894
1659480741
1325953845
234700332
117042516
876316664
937691943
1016134779
1778946239
932149596
2078631887
468676943
7166280
263780552
1987372810
683237966
1147526281
2011362385
1895223936
1184811042
422086782
324084814
14083587
1400879147
694216599
70391577
1810672002
97838373
1526111335
151152601
1246543527
551303581
1810633343
425013724
786003914
1927675859
1301330388
1723695857
796326991
932792979
508361805
727475230
1401469922
515528085
991255783
1241359085
1198766052
2138782064
1105237822
946506340
1176109458
1527324604
1270591154
1190193046
780720103
1964807754
1260584623
443908458
2062646127
639212310
595061059
1161706006
1190515891
258210754
1586719730
1976519805
38402966
740566470
1552732014
834729957
1673359449
2061093820
1562205187
927345723
429138257
405977322
21221160
1627904309
397275738
1126458982
426927002
1573385197
506299939
1697518156
616094595
1287020042
1514842262
1876679218
1730928500
1430004741
368407880
178505912
444227099
1558923771
436716666
2030946829
1387959929
475119632
624029651
793208295
1309849589
149905452
706818467
724571129
1077251176
1135956725
1130548451
1098472336
616377386
1527824190
77447671
1043304388
953725739
583747610
593338897
1569820334
1870767652
2108181159
1299015904
1454212505
1390702253
1667423784
1632718417
1834929352
1078863907
2069435083
1718392534
319340188
397071068
194938537
1112548484
1706920657
344843990
1819366951
284008138
1422095166
807840028
1414556590
373083854
1424217415
794897132
450531525
320038155
1748622871
1034279135
913377052
1170959557
757563140
874074564
322491813
64291997
117293169
1989915597
1697010414
1952222521
921295856
1618961849
1523131407
1240636045
2016032917
1718069945
205700881
1575469927
2062913935
2025067832
1859478065
1337525453
685424213
1126551007
1710609307
2109641628
1921448139
13657185
282196135
1522587362
1047936320
1195573188
546063271
1805499460
2069647752
868555084
1869791457
39457273
710987033
1419318223
1991679794
1632282890
890796425
1367327554
725435287
759345694
937913851
931136168
187331973
853344138
808720352
2046810039
43385943
1494144565
1025877398
1753995250
1456302545
799841890
1767652435
1738498681
174945604
668105108
786588221
721008876
326120920
708752325
1589563960
48428730
748209598
153067346
1467746953
592405744
1785350236
211059730
1959733298
363301875
970405425
750163501
1294438043
1157737398
1603507639
2103158395
1057063789
1646893582
1449819313
2082941188
1253405185
758638210
735299430
873573972
349653243
910245034
1541679080
1136241464
1631253910
1867800001
1844993789
1073334223
1916228731
445719739
1226401569
1236492036
1038125484
864268157
1447551767
850375134
1227570032
270473544
1600538636
374524427
1428210942
1056562627
330199174
337791084
555972562
1780018487
273248624
1809377747
391173050
1008548054
535468071
740826293
1918793088
2077147152
1877067758
1402563351
1797463505
1574577899
328413926
1566208588
2020297639
1554815495
655216976
910939475
271600004
2102768743
1761314609
1499170036
225758639
1214369597
1873694463
1653969582
123448577
56409989
1991760666
679421139
1836428477
117525642
341315238
80117879
1126073696
876783309
820944172
897383136
806446813
550528282
152462839
456426670
2125106182
480876765
2022635258
1997920173
2035692260
530368587
761376000
159808616
485653682
375206961
1658978652
711412322
1589576559
1385189467
217898256
1713025136
1441599457
62175274
244962627
1130544286
179700916
586277865
1210662165
1305774612
1463061174
2031606337
55674100
122024340
434650972
208136940
578451010
412273506
689013705
453602621
262710031
577222318
983971208
1024086031
737030934
1469624890
1399292992
248525939
33553564
841385903
1633715406
251451820
406927391
927831215
313627094
651890018
2058375501
493328010
1238167883
1121554018
1799102622
553745410
1005676708
1854776723
675769750
1440327680
2062913663
1254220760
1852601186
604443720
1707823381
2115311217
1181666038
544310941
991913600
1918696973
2013935832
243722944
19739264
2047489396
1085108848
1653454670
151457569
1492036239
433802238
465084663
2143926258
344694091
958412674
1234610493
1466248110
610031648
1788355903
324441170
317324723
316642005
1764768850
232754738
1570862766
1469886388
837198459
1131202499
1437713957
2018864497
1675513441
282143909
1790077822
1541965625
525866853
1809817086
1441971373
1610975701
1315788109
1593428942
955528293
1749590347
2058513606
951970903
2094284438
869442632
39097748
1413048900
1479474280
1827453652
1737490070
1796799004
2144095657
1354775272
2029553742
1567474775
677178012
719268553
551193627
2114891969
590649403
79223420
249552230
233243577
1621189045
775419084
2043060664
915676770
238911137
1211365125
361622065
1194439430
813471824
272652023
2146410333
760272614
1142094655
38024434
25837867
474085287
1865478086
1763327937
123400643
1862090095
970619562
5470738
1282081223
1647797574
724739291
1833274850
1615205896
1315388694
1912498270
1864758126
1548632272
1386203667
492693562
1444209288
154396789
731604700
508090765
516018854
1926044130
1321562589
788670877
1924970816
2081835203
1930765532
1962995250
2107673070
257367172
1680989688
1723517360
380767815
1395596135
546653274
386238553
530193710
46967200
1110977845
215984912
1662173096
278882891
2128483182
1379447575
1827515163
1367203201
1872141137
1124240803
1521599991
456262189
1632331568
2037618845
234822672
806410509
678806075
12309840
740762065
462087959
1975305090
700951487
719455131
1508811130
276985199
1100222947
756923617
823638473
1486461500
1287117328
870605674
449955697
1503102240
385295122
728838589
1484101775
1764742697
408870104
703821328
1489400187
1533110908
77937671
1945662376
1017958828
2115556517
33001400
1824369338
646878944
45311240
417647755
1108966903
2020616330
1118599242
1828422035
1381943812
1395584442
781161334
2138867430
71739267
120139186
1278501110
942344941
570094884
634119702
1327640064
1298933473
2118221477
944899113
1707803577
674559158
286815652
1093430837
752496829
84994381
2111389666
720569698
117995781
1788275356
1367448642
163307022
58439463
328931898
36439704
1177038705
9870285
1418383517
425139499
791031619
1409767299
496878767
911170805
540784761
1439223708
1481265689
1174904463
619380124
632715514
1145642293
1564279238
193035444
1820201451
1851094890
1286466281
425214632
1936089271
1250372299
1145784331
2054085053
891164007
365749325
69908427
949603470
694681223
106348131
2126642176
704551508
1524731648
404298027
1495583127
787015299
901176794
259270285
1327800060
192916855
1740535974
355220876
812296979
225767841
1500863169
229092569
418803285
1173580972
2080187460
1705269566
1598795604
1868793083
808158218
597096287
1775394488
1699322225
962845613
1845302915
501442048
1657526836
1951651047
480600576
214594697
1328899047
884898603
1710177824
2115914347
1786075398
1969448109
1296230759
1978992253
1562500436
1651451635
643805584
1788268277
1004831156
872898154
59587914
30928480
805601966
1764857480
1629724085
526911401
425532050
79336724
154822242
2124854276
1042182337
2000125157
478812676
552225526
1804292556
959413252
766820223
985707956
1844311855
329514399
954138655
1482903605
151478861
102885766
1314412210
1713979297
1754337402
1958217795
1354763926
611684910
683632301
1414351840
642613391
1489234267
1031725672
124853828
2016145668
1457257723
204190552
23484262
1434628351
1246372890
2023609420
1913441027
1798598416
1680418328
725370631
417934991
518642636
422198838
747449390
1472781291
1905102444
898928251
1575667058
1072031006
465423900
1182520812
882765153
1820187826
1794205722
1566397454
1087056018
289335465
908148073
2118781691
414189293
776810094
1428555766
618379846
800294356
715700469
1864752736
676420128
481657848
1515867504
209354809
1207028479
1933802495
727997445
1629227317
533768237
53295089
1386846113
1432696489
1628962147
311393472
1898120389
663999311
1194158625
1570824568
310721385
613072432
510396938
600056851
1521220505
481694981
1014246144
150546951
1910250747
1632625990
950841308
478467568
1349895078
1627261436
960125416
718278934
1836616245
19670247
504597781
417130043
1648897565
1038366019
470425132
888260030
323578860
2099387279
1199653502
74215601
615902942
246328480
1645040169
926624327
859400912
7953460
1526681178
233137769
489648441
393443675
383684721
252415541
2026069665
1334526029
730883109
1228481096
814303817
1691008526
1946760030
503436415
1710678773
303874164
920566458
1212092690
1342240183
1390991590
2100352721
1665819043
1342895221
1152522575
1740034644
1958798163
1398851055
1237591166
737938842
110768319
1245544626
117136373
343906089
1735193067
510580048
727590810
1987608608
389166065
2062116839
571008070
1617647161
728937008
114532948
1416923544
1232373423
1825211721
1720797708
5456233
889820764
915554243
1396447823
842689837
433889638
591859396
1995212412
26440634
403173911
1246579820
1264031800
1141112754
1357348139
362092778
1258249127
1701254228
2097285846
1768829175
281361390
1937410806
10511592
195994581
360935228
1628158754
924931590
475468176
897598650
9821365
153196250
470912710
15277599
1043017014
1386466953
1411725422
1885706851
1820356591
2003584819
1733435615
1846797225
259275082
832531787
963345378
1400387836
42396279
1325438156
511153315
1743650507
1275240354
132498842
2025011898
1065167513
143010435
73522831
1426102741
1771169189
998454421
1901570918
521284191
1008275787
2054767168
992196901
1023553386
950300534
231180206
287795160
688523737
2051536797
143896331
274475704
1750850374
403171414
1107007492
566712104
1803559250
1149403771
1892150261
167228918
745570630
1019906967
299727760
623098880
2085074480
442738195
696621712
1363693574
66423736
1695076133
1117780844
587707927
555868272
1025064364
1579904828
1579421658
1975364898
1811085034
1867216819
516404987
1715138183
2011113150
790880691
1318504910
266800916
1897888183
1885217014
2070360167
899808306
1629883627
90105437
1645378937
502306947
389833197
120994169
439897779
832571393
817615881
1803591353
898995129
365208367
773888549
1486703057
921076639
1798952913
919124237
353014650
1626834163
582725624
72747821
2143239150
150380159
2083860971
786636194
1468885069
203178240
537040729
1206618436
126054759
1436849036
689018415
216160196
934744325
1191325362
605993393
1055738494
1631223142
1438564786
1873354376
1287330847
190076268
91079095
2061219397
1676779325
1012155734
1712688662
448419914
1365170384
1192039178
1031145538
1437918205
1187794680
1181525698
1374295529
1974430874
502927119
1577473769
363987956
1709545555
1703528528
1800836992
251080323
1919688724
588097669
1442405685
378198469
1643836163
926145179
1816763256
1369706891
65992379
2006839524
1460785986
2127211776
1536135201
325458073
1692416790
1984555115
1690628457
736972320
868217006
981063015
1924767001
2049742704
207874896
1751714227
405186175
1785348665
2115702183
2114731731
1341393545
1769055527
218328406
1113598621
209669548
1660734091
1491797090
1853505712
439395623
1161076698
1075728955
505388002
1020432574
389031294
485116130
409084127
714489367
30049272
246155595
257634176
767021593
1114372601
1238697191
544304946
1016631657
1446572087
148535525
1421817832
1084437104
116754061
1389065915
278347001
1885809588
1607394321
1391945622
2095479137
1120644765
736259065
1801501201
1560040388
1897335763
729746508
2065428390
770284690
1118777802
403060872
1179368817
1833267169
433110144
1425524412
2090901346
1200131737
392413365
1182114889
1744436683
1409045022
481203329
1892972209
683379207
1565640433
2009726270
2072445122
1843987435
1748052210
1532355796
1088449409
1696047699
505516913
1824708474
1350065252
2065557301
1574560590
2079811761
1983502043
197361632
1051105915
239079267
1376730449
736889437
672189411
654771214
680307135
1872321149
1047184579
1862422024
1469274184
308745954
196141705
1214762745
992125161
1761782139
1077005367
917086635
1458285926
677573930
301958783
399251687
226137981
807475696
76476514
1576203234
725549349
1651037104
1508531347
561567744
1848398736
412153614
800647011
1077645537
1149043051
1472836423
1732416751
1829350186
1197673924
632117683
1544288563
519464460
940863637
1740430268
1734227206
1932988798
1354728759
663748925
702591785
665531037
1341322855
1004550569
1064782725
1567460837
1812026265
1141259239
996180423
390091967
644812695
357228122
951659711
345727783
769381736
1752306723
1423373320
1918424788
1077659498
1008306424
1600291326
127849774
1640424107
997096241
647314234
433804096
590042862
234057792
219309246
1944771621
897806718
921901031
462819011
91645925
1926451600
1527601736
1659106762
1590994218
521377327
507803537
1981086185
1166190022
865031659
785262248
1511917805
1634413396
390085323
787807477
1405354536
1467744821
1796113901
858162214
1595594595
1289054360
1855258456
95425182
1722858456
297817670
329482974
1942167702
95105643
1227289692
716585086
557924654
1318935618
495553038
2085526390
830558732
2086547256
459420069
1338362270
1920149793
1625610091
55910281
557928394
990044248
1690323677
948013717
1777851726
948194565
268274891
1426481979
1806356780
1863869486
568052692
1514131588
1959294668
143427500
1811949258
141293995
2085595203
1907054901
1368583687
654696641
317495908
540035657
1150249679
255538650
1370594390
1089313288
714958720
561473012
861979433
193085163
617383293
1419907827
1183129412
160223323
220437897
813497490
1108417888
488712788
92495821
767291020
205098626
660548513
133938960
16909647
803976014
1945888218
158203642
742087569
1705459472
1526787329
1396784210
2022955380
2066822987
399550241
131010382
1289933729
1488863529
845969102
1851406741
203359315
1039054266
321306386
1623267142
74700030
481529709
1843705039
888197520
1589947598
184934179
980693341
209754970
390032806
1641241855
343693931
406942453
297734221
142098501
565146095
1039821790
1847557973
2091933424
289122352
1723029705
2011272763
688672593
1854040088
1153722844
30052475
552525542
857645937
233411790
1591579808
1178952324
1856678932
1666279838
1660482033
1552900324
406993710
1102945983
1737834503
1387687052
1312700954
2127867309
881445259
1656394885
387326114
1179179480
1798493386
952472209
71517622
1498567712
896921986
360639974
1074113769
760711101
1049312567
780670209
1914433946
1079365042
1333195752
624596235
1312776832
777291912
1803548559
1021972117
296088103
1316546945
427388793
703081813
272009280
17739648
2090768865
1584710234
2145606958
824730476
1093621471
385449424
2003909956
744631210
1337921634
2075427578
95715274
87359972
288583904
1169829043
848071073
1337896472
1950499253
615021371
269777866
1136211357
1239617607
1582554699
1913503269
895682518
457043168
62107724
64745815
884431961
765189538
336755096
902171609
708474755
1921465330
900294919
1533205232
867603154
1285744344
1389631540
1612234364
476182330
1317575471
1707949638
563542302
1606159375
730295033
1411613375
796572199
533310638
2026634747
1066350066
1669521995
1118768706
501421117
1435541617
2014451224
958464285
1497649341
2079197040
1842896246
115355231
268468488
597584207
823829987
42450170
1497879127
209551571
910053324
636139823
1599183111
374804040
1112322153
769274934
2082753678
1675864455
227950662
665565064
939994182
1024522861
1198875702
819145281
2090872927
720914050
1937913987
444810396
8972019
1804881564
1403274681
1506621360
1736594956
1098687279
1621976592
2005063444
1696271487
298322931
2047513614
1046666966
507874502
810083291
1682806789
2107057613
1184887331
647645294
728848900
1120157362
176026101
956799562
1785722426
1116020283
1981322423
837114480
1935165565
1924711703
1558028530
1725595904
222038451
1567000549
1382993820
1625313133
926138262
972105128
576516764
400631206
829684924
125304603
698954137
729714891
1171971569
1206828639
1539798182
707294710
1166402604
577201865
1354940004
1895251504
1697359227
1530966105
704567418
1335598005
499502741
538406194
25228838
287184658
315634249
1583257368
2012780562
537672700
1002774270
1248290735
15502185
1928912532
72912215
592018950
182060090
902597140
717323553
881014227
1632312031
1889295123
2087842866
1024626565
449106185
1106761822
1601828430
1804046190
854529679
1151704010
1187528647
1559097097
339818367
1687031388
2097503291
365047205
1974216046
265653892
1948304574
1839512961
803326593
803595196
940320048
818828778
585024080
1013232263
1410847728
767084170
1915829403
2128171282
1648098397
1400657786
1869982757
1588457615
277800703
171605294
547735789
1879629134
1975651484
1402265468
883849496
1015696484
813878918
1223667863
555244224
763898561
1588715069
381976623
1029552454
1389535995
74005936
1832879047
45647543
1014325984
504224177
630671623
2027558247
1915071906
1397755793
1795904003
1895759540
898370542
1049078141
1618258649
339344509
1326878845
1789863943
887080298
1059024331
1618031780
141862119
1942873827
486244616
955741037
1019058042
1041488840
1719639598
460289463
1423465463
601708404
1849825458
1497471399
287103803
1895473001
364313735
791327981
378660976
244388335
558916239
1776416769
2040292338
307192131
527303663
941886831
1925450780
866648172
121282028
1567831075
1753728471
1180306359
1038379207
1895590590
975696538
1524623823
703847979
1994754581
418629016
276003929
307560396
1842094479
877712334
9902207
1192082231
1164816137
1905375208
1556395966
1956144118
136552537
1800784301
367576709
1912969306
1693592991
674768840
292789322
487996175
452735972
1159437494
609278203
2020567048
765682317
1789584563
911462607
513789259
617797453
288602783
1217637238
465068386
707231799
1493641168
772628783
401842630
223869854
782530990
1593924861
1388685991
540422550
1002837180
1197346462
676975087
656137833
1564923171
442460746
202247177
92208364
735250068
690243352
544944336
1894687562
1299521555
418027736
512886232
941622470
1329490344
1026675491
1559419924
1618093127
96829082
2024488310
177841278
1590470250
649633445
579683908
1814340104
1432164435
26125122
1055542447
1972586986
1028962302
105405261
502078425
1685100135
1670328433
944539171
1887347312
1762536797
1679789239
430107016
159997485
1426993154
1729628572
578025222
1939879386
523767394
1907515566
819071229
2083187318
1378125045
915900311
1960191981
1555966323
358886913
462341778
2135650231
25743369
1894506214
14291705
1081285817
1719609552
1043254007
1186691078
74204329
580870495
709535863
1018743501
320734159
324589012
551049092
750841176
484586498
1978042246
332986100
1062611720
1770437984
856753494
822643638
442025566
792457165
53285035
1357925877
605165498
1609251358
1716812791
1067507276
1597417941
1742556160
814529842
1611709647
676358329
386655746
507480006
1863049408
460860076
1088350501
425101623
1479603577
1409084661
749690636
2030652669
12442189
1234277134
1861211268
345428289
149405206
1484165604
1202181783
972048844
1926191170
1994638948
1025333879
1136633400
452320798
487101589
705962543
1519828075
2084519530
301035055
186874269
1548745529
977393385
573530016
2056225536
692959145
1034390092
997092389
1118060768
366510021
258693402
1867751404
249679042
271135591
954544890
2110890310
616563880
1103950096
1447572267
1818745664
2075998940
1226279789
1665900964
953849171
215429541
2118221763
1440950760
921392084
1490566190
1377986643
1222427140
1677440459
779248524
52336877
103486827
687990412
745296022
1137876919
1685082802
1863356790
1504386940
1943776204
1583624547
1754065983
67428148
390685789
1717472645
683992028
1494635886
1017561264
355254044
1423151178
96357406
2021155009
229516702
311786947
1991893124
1670467462
1233179032
1334975666
900970457
308122524
864932477
1680218982
360459401
968419305
220725746
1105755423
2106296224
1905808548
821628565
1463199517
1702101105
257769464
1069781852
1769529253
648455254
639770849
306037633
2143091140
1657332114
661291678
1418758670
1753689520
534963039
1648275372
2065476467
379372515
1171259187
1151171851
1714348181
2072229644
1459294375
431797010
1604964978
1819753776
1400216315
1825690725
778025551
1359028892
1584015625
1599654117
674744761
1138633082
1857423581
1744526613
760678687
358395187
236813814
1066716321
354002679
1894145928
1728007999
1772761350
1500351800
115487390
1273553074
1418344620
494859905
297328613
422032823
61724438
222074610
1881327199
493521448
1827039588
1553597327
1893737764
1505246665
184139231
1105283008
941778643
1783793348
1780027769
2080411725
1493733281
1377070734
693606765
1852128469
1613884548
1760323086
58647500
1360546829
1340847437
1831408850
713414981
1456334827
957478277
2131759601
1951194732
1254806890
406308777
2012919170
1476881500
140152328
358956970
1156437441
1693749655
105211086
514200458
1877888886
1210494094
1455979101
1514198586
843038215
1388907179
860448220
72625301
2082513944
565093041
1686509850
1695353382
623740541
899573031
888717171
307665744
1612988012
197568350
1265144021
1597263966
1279434
372467263
2003572743
2014198604
1849348764
2143725071
225671926
858302557
1689991078
330883013
1372503015
1420396317
1541377107
680998469
787111255
236931675
2069905648
1647559475
309556976
2004935944
65168868
1996066826
1552805678
688909410
748156209
294039201
996575154
213660574
491607551
114235527
1810924540
492886985
486702790
1667013635
359601941
188567906
1663255058
585273867
1046870463
1205762488
916156880
271889831
478675157
310050340
952888300
1265786413
546982015
875310300
765862240
856538991
732762596
831031109
705122170
138084626
1519940519
1453278379
432123827
369032025
1666938953
923731378
483267552
1330379845
1416618363
969970342
849909832
1776220304
1158538249
365681242
214010523
57925064
1571443731
1130167404
329814895
2050118888
1440217744
1282703195
1168421653
1987199759
10529847
1934283894
696255102
743292443
617831355
1401377272
881377069
2137771874
707172004
1313500896
359320251
226627309
89748626
842587803
1557007155
1506366989
1812558145
259433339
1135103645
823612746
625114582
1349114169
881537811
49074665
331797925
1211352706
2099193553
1772015669
346572254
1120131559
1611731780
357102101
906931805
160503234
1100394545
1524763160
1561880507
1981771614
1515051386
121568863
1147788863
1874371637
348196172
1237537489
569475792
1905203327
596420831
234550289
17153019
1731524476
1058163036
642267601
933154997
1939700847
691342266
1264952922
1003569905
643052171
889484943
1350142159
1763183730
353733075
1707244261
522631887
514236310
660155158
2047395047
2076116817
494443124
1414962785
50202032
1642231987
1141850774
398398204
732285829
1711326566
156117884
1328706660
1945876856
173270903
912747488
856556244
815538504
1845902486
648773443
1506880770
963371760
1652343348
2449293
1852856704
855001860
1765633024
59106131
414762473
140781263
573342441
1074917631
40692663
501975610
1569360755
1455655448
552177642
1064109095
450022575
950575847
1796394924
13865493
1106693731
977617936
1959742349
1279964634
1890365424
668814945
2095503138
1588784262
1317588388
1454900260
404672375
822448089
1457349553
110045431
1677449949
1075498929
169151562
2092212422
1216280193
742494004
1019646405
1256972856
1244469614
441523512
565144656
1796647257
1505632607
1015167231
599739456
1154543883
1029032725
1706433187
2132161819
841291426
838914173
1875043596
1510106372
786933663
1316344210
680211112
94350275
1721016585
1502659201
1551699828
1831062016
1032625502
479715110
2000213579
977354276
1695995303
595223935
1997000681
805484511
1839693549
291040546
1370629167
1488857158
1796673153
238312751
2088596614
803733389
1267345476
1647546153
788411560
2108636902
338976678
515971508
1471259626
1125910341
1832315719
3987091
1220260616
1405848656
1506646292
624476797
1089427025
391788147
1104191907
942156956
1369142423
652703562
1537380891
1218659457
1458188073
1229590792
1509700003
681333592
570964303
1158889508
919646343
512077269
1962622897
39508171
12139775
603550810
661426
351116453
1119522318
1471921052
1477026795
804354389
1475908143
549803763
62719398
835070788
1174280560
1152146423
1226858935
130988819
2094303379
448517710
783692381
1484200622
1667177167
94396806
566307766
1029393522
775730399
1137272069
40799383
1695376742
1649349339
2003422280
1734884914
1661489114
459489442
1735546340
2012605567
1579011761
1059983744
1342148714
235882502
388408240
1891952478
298601900
1223479028
918749390
1450748323
302854315
1049738210
1397568054
751372025
1833430591
734285028
271065545
1927827398
1300592795
1300459067
556074149
290381216
1341258450
103967243
1939730555
1197197083
1838852157
1453736021
1656686525
1426914849
1318857941
1088214638
339414946
513523007
1324097141
727823186
257991837
1622699041
1951302214
1176741228
925963717
106672881
78995790
176048123
858044906
1912426381
910333152
1129110451
1692770131
63442299
282085871
101360632
353823515
1623344321
205327876
146070423
673057756
2044180033
1599806444
182260634
1323611235
771180737
1270475272
1663026181
1284703745
447088765
243365719
1542695582
2069787807
47184285
571953162
848267876
153857166
650948952
1024315999
1011902072
415891686
1934649151
2141012524
2108661817
1998091450
275614747
62538802
204431318
1898959068
267866678
350501741
424533177
164563063
1950308185
606793811
1488174298
574005275
1877269083
1003716831
1858709020
176874201
1247082550
1253920954
99178360
1294266835
1825874117
947446236
1448124001
329339421
1971762235
312542426
745231107
1758927739
306071302
706409277
1609535541
581686049
768948079
1813966859
333161469
1036814757
16984952
757694646
1201377820
1967293138
1364488457
542068471
393814765
1094273893
1545785302
105040137
1271148094
645384205
1358961091
1370326454
1939651040
1037351560
170289042
1240291394
1366690982
2142051277
1552833820
2111922089
1753495368
1858905122
670847718
1215547262
293107523
1439795797
882030473
626268992
329126906
899015426
1383963639
1530504727
718824916
600968448
2072573198
1112639681
1695242341
1470874852
1217679818
818906787
2116259057
429157261
41749593
1908426450
1466508822
212038635
1001234196
685716156
206606265
406584368
650154597
1960101633
118005842
1321002316
1028165247
411113365
613314465
1910195721
1037382357
942441372
661727499
273862348
325462451
1380552415
874830797
250552001
345708448
422589490
1721426853
1563388266
1241496278
1690202263
1992545527
1283245871
1451145065
1311570701
1495284507
304895613
1997286857
1701890772
711479981
499957807
1514508757
829485823
1820960123
395190357
1240599188
286790940
157902430
130497897
1229232312
819629929
404360246
1554694763
52698696
1279191043
1805246764
398407144
1701780533
1379189970
1961795410
795793163
921908585
1806857289
2079039035
225570002
970944343
1426839894
530465615
820747552
981247018
1241945596
1320705359
348272127
2071431419
994181834
743462484
1164546959
1280972775
901364914
1295044856
362721439
1720994843
1699405102
1917416203
1773693539
831112497
1575179319
24617035
385409383
806885641
1986412445
1181202546
1728794226
1645786087
1112757933
1954364228
469246782
392114179
337346195
1289994334
1373361197
1579291791
463216046
1721633325
1503239562
1457397880
317612161
520302873
590887007
1218977076
1815347730
953608447
792488271
1367269184
723541002
418698163
50898034
151236673
443315198
436307417
958122315
282243996
1617509963
539432893
1928030083
582784249
346313474
249793217
974898428
683659669
1539787551
200775978
115467813
2003003597
1922409303
1618707375
1312917830
92537816
2139010249
1903804837
1311514892
1806874331
709929636
2104003164
1026659867
1433470638
375217679
1077557901
1584707312
818532877
1513865318
395345979
1100776873
983891634
934778872
881323308
1566675883
1281092346
1131116525
394090663
1964752016
523420429
594866641
2080219829
378940378
369792296
1551443556
1691858208
462330113
1542970157
1448179398
1773845005
1202360840
10625386
1730364521
81537060
1444096025
2105582200
1159094961
881319689
776631430
525476632
1276665668
1877408303
1509368266
63960892
611247964
928560501
1345053239
1742364489
1322651164
1162321607
118301270
1917517806
1095057788
497241649
139826454
499017696
41616209
602156567
2041987854
1489795607
228517925
1096865046
1500420994
1958882446
1178402106
797033371
1916980999
190013420
1678353060
546128781
715490052
807535080
276053436
77374670
871495972
887301400
1005935171
69065563
482182242
181102687
1231387170
600483512
2098620493
178961310
1097725161
90963300
677979007
1139341371
693119867
572483213
481653330
921637792
1669348259
1982074324
733036591
700266718
631624047
502533942
890280138
162493459
1048662723
1605770190
970028539
1324716159
1683144860
1841524512
64533912
541596383
1910590075
546716154
722699070
994493598
1147199666
673835916
1173454908
97441180
764799216
1851433915
1236782551
1457919083
276433480
1718435881
232073228
1945781740
1553026558
965109819
498564810
37166957
1467643761
1388844948
199660417
368822836
847131490
1169688956
1693538995
382792702
863729820
1758072907
924389085
626836248
157305413
1647088155
1621329846
1304505080
173440423
647301106
1401946260
938239639
351251374
491245163
248675075
627684854
62197396
480748303
425982946
1615223954
1445858122
924547756
1652390912
766018235
165909056
1852051329
1134841071
1013040546
874256637
680896418
1395833248
1737986458
291485678
172738685
217339058
448791091
1819826841
1838668904
1753296171
1993267264
338486362
1007758783
784023256
689737736
1499003946
1032698331
1317422591
1561201343
1513446634
1743405537
1028941649
811821108
520469646
533848913
1577839343
686378702
238416594
565196766
1699419249
1112673232
1246093184
947768849
703176042
1537578862
1120507535
920515100
1986369954
792850728
611700356
1592182477
638634344
950186718
452457613
1422657600
1639924455
1951461559
307872283
809863398
1365179254
1821318917
405785287
246637256
485656377
926254933
780486169
2063495720
1612633636
1018902764
481208838
1164569237
2131575996
1727302023
2112338086
687268390
1117397237
1085361973
1607783490
956283543
1878212701
72000198
400982373
369363398
1022186916
853439986
1792020998
514627723
657417897
2099893282
1324491121
2022597152
1773728551
1730276409
121750760
111901281
509047694
902236929
27913353
2121681330
1921139693
509122192
1138766919
1905232041
88940567
1103621358
445016783
1206337804
41499683
2052800273
15137700
1919712385
2124800471
416120073
141592135
999503740
1269560059
1933613133
1514131463
1926977956
1886022767
691138937
1802091460
1512267671
273931698
1923842220
1624168952
782979392
678595502
1652082305
757177075
452251547
13720849
1895943994
209999941
102661416
852081704
655016724
1308999221
893581388
560333350
1324136921
665810125
537650173
1740256994
807402260
1537153913
862333405
593531745
903801729
641827713
332070865
1594940666
296435526
1844338536
1868872364
72794098
1321023840
504368108
751389600
825622497
1261545183
1203641148
839343347
1010005530
1413641089
942004763
1862087234
2068657813
103520336
608184974
481507515
1427657257
1273995099
1019157689
1020430603
2081397359
408827954
1882764008
527445457
1312629683
377108074
859516322
760086701
673543600
556371210
481475417
746337698
1877395050
985843526
1497727299
555533899
99905061
553884799
1394877246
1109910591
1967525888
189398362
824514178
1888700053
292918698
1432699152
222723921
1720575956
559210604
1241881610
593522911
493124315
1650709564
328803272
1020569772
815855600
705911346
1880086094
1575942301
1379454946
288973656
2057417719
2125792644
18885058
895777597
1476036295
574418958
995682658
2029921094
1969296204
2105593250
1849963334
11210918
782623780
1591179740
304129617
67839284
1813903661
2024705573
627049888
908301623
470744836
1120174204
411527539
799548108
2140743976
1227383139
1505459454
1873346423
655841793
737430752
14836431
565775864
715739749
33721490
1461553461
44292396
608140448
309752471
2074213491
429953004
267862073
1776693177
441163923
1050485853
1220389269
745293540
1118325138
886809282
622515465
1745375026
1795110905
1093260301
718065582
59154797
1892808410
711325911
1286537936
1250784216
437188686
1942379729
1988214969
452025117
360671945
556471070
485746607
1822225406
600763466
1093887055
2131977878
527493309
1523840060
252356303
156702839
1965003983
1302842157
1377092108
562813875
273683647
116417743
1185329340
2019058673
1911528648
131105993
589640608
1970683445
2023914403
1300966519
1109737734
1127214972
1738155205
904633815
967946293
42696674
1265305761
1524417363
528443282
940047519
2125180829
1622330337
924541749
505190491
998686749
1176898053
661893330
816207084
332256562
2038985438
1379020959
605940209
7919533
416866651
477515234
1919448182
547972645
1067155842
1742647979
424403400
220638713
704902065
1551618372
1958793918
1609535881
372081017
2001490593
727357994
1896498380
382450227
1667405513
1874195562
2004780564
444463615
231902405
855983666
1621361668
893795735
1672190750
1953618230
785297525
903728062
412074791
793217059
1320594713
889590025
565181593
1868567358
1956745868
160345924
145487111
29900933
865247990
1697105483
1988694852
327300223
2069186501
1842701797
1054658217
1818201233
77668376
574580082
1544913147
2082448940
1019043697
1776815552
790948958
492921717
523127639
315656061
299056299
1308425165
1219384123
711131090
2101642224
392495188
1600721116
519340169
113578899
1409983336
679686093
259066010
1439884269
1544934083
1956171493
1281095473
1872234306
1877874346
976313622
779408875
1548591932
1053981998
1353988958
946021431
988947291
225549007
575353336
1779896249
718470725
1098480975
2095552310
1017527024
259422492
1167452785
1728658115
213581068
1559947974
1181895583
732921237
1673526873
444395271
1412607331
1932592883
1884279540
810057766
1741280728
1017891366
534808425
1471671427
1994204988
1314217300
872779711
900703339
520722610
1818801142
1889650630
746271618
246670830
1522063231
1464742343
1345151806
1470131894
334785719
1604574298
490101031
2063443834
1818155367
2050049005
1097855769
403592956
1576092230
1542251040
1816200287
1361201465
1279046933
478774406
954998546
149454651
1013582831
279186325
2143659639
180316483
1151966036
896879330
701039094
823283530
639046312
1447310712
1069954361
13625896
764569407
267622519
1483757790
1099355126
1872196817
1973858821
1015315313
1542868536
1876424179
2113171082
1946461493
1305032761
1507938475
1615178132
518750579
639501760
2093952538
1473749125
788956411
960051721
1752935450
785132402
1140368205
757417838
1682011733
1841407299
1580701368
173574397
1141234363
503172081
187200293
1905803770
770794600
1670958083
857675248
495507770
1497333257
1872990561
2038376306
1226273788
1838677996
1837354151
383822901
1199132823
1305048636
902573480
1838634583
1251517526
228838957
480107346
64085600
1981774407
1265239748
1204453805
591708597
799767833
898377456
24926318
973342231
2039611819
528098399
1160542524
1797931941
1298893000
684016960
508123541
1794400770
33866569
233630455
1685293428
1260140357
2072308451
1375163932
1643963258
1123957626
532728920
399053091
815108561
1784246446
627892048
1295215907
1848332046
462182808
412972007
905302203
1053891405
1212739841
1803679659
1078817723
38598424
1695807830
1606916123
1199140948
1346256123
758325475
1883157908
1854379665
405242597
1917024477
2088010120
2090536025
1029681186
2012834923
1318216309
526160797
989308901
1850945229
925213888
1804417462
1487708028
1553105936
952149721
1188556426
2015288744
1365121728
2093858630
921696502
430377921
1750054641
2000514225
468976345
1298378824
1459946700
1668117294
497151299
70788527
1403791554
204047316
476031124
1173332384
144573788
419083502
55529922
9925063
1737299811
581690719
999233964
1440761393
1506904607
656167778
780985773
912526896
1608317499
1969542199
780331992
825955580
1915917181
1702028494
1256333501
1518488175
1555059072
1725309847
669383351
867522124
1245943493
1166534650
938310652
502251399
1370581967
1414341776
1675583783
1515155755
1833425278
1731113706
1525080819
1423241442
165320777
376831135
716519187
1672225385
1032998914
1497504960
437268633
493832765
1319563511
1217600625
1319788345
1087997045
772145472
428638199
459001572
179720896
6464398
1128384923
1047243020
1252407891
147435925
1985553672
1754659290
1518017892
1252411801
1282759426
885690000
938353431
866389484
263287171
214111225
1031710261
640118306
930630412
556451998
1673117220
280651724
993720631
19466338
1600215236
63837609
1339254683
540728633
835983081
1767892882
999730205
1015703977
1774357280
2128115128
2062946997
879281523
128067405
1901017022
486457166
1646085298
1005945175
