2071255682
1833409610
1155081016
2121793927
777347788
1551316708
942980069
790745683
888633983
1416339341
50863521
698322125
543196675
1909711411
5258036
1459577901
1256451529
1556469011
539077593
2118365240
976735708
789758196
236255866
1766336309
1092920862
113892287
1131631826
1507641742
703137986
1647788109
1409149162
626910021
1333714071
416746530
601220300
2111061859
1968063239
1544200369
754323894
709213574
813056062
805187415
1407535699
1356252738
567415178
1412793736
668346991
1823866707
821779099
1207424585
1794748300
1798514807
1997182781
2031004166
1417367468
942619995
2144896454
401515646
302778090
700550792
2049303755
1711927252
1327460813
1235534178
2128673782
1928681114
1199112390
1949253373
1325397835
1953436284
510983300
2138453898
611140052
1918518999
1347222988
1178555230
1183829087
2015569979
854938290
2005608186
1075510916
502202942
1656639346
925210050
385723460
926523166
1867830045
383136266
1328038813
23124487
1083687059
1229858920
1735051739
263664224
317909451
1716241874
44861690
1517021841
1518011599
1370259526
1322974477
2028994899
1361229776
1934114529
1800030251
560969116
965186112
836375690
429055447
1820124402
694500229
1504566364
174843696
203655927
282292766
560567156
1130179093
2639163
943703423
310734258
25763651
2027390482
1540593179
1760815390
143571058
1858502630
1329573616
188432749
1228040823
700101568
1558692275
403531652
581612819
772438403
190162534
234159422
1333407519
1155348646
1070535113
1762462966
827989400
1765035342
1119545682
1002833096
1968691269
1401838448
1563400252
951386714
1404477612
359620027
1262120973
1430241263
239526861
655230504
1043573005
383097920
366249486
225662974
571530669
1594290309
925764542
2130222944
1997821961
1507377361
755177699
40500847
1741536784
2088585218
1195849493
664588249
1703564536
2023838893
282139943
675626571
879188341
103347564
2077465019
295104946
1054734278
1334458983
654724973
169371603
617216598
894251835
824602107
1660789604
1277349755
1190851593
1886452578
1848880424
637658254
664733472
1831619720
487996568
24627185
439313771
528497415
1766163969
380415341
1724346909
283268570
2083979877
1600702154
565408513
612122800
332406848
668756077
542104172
627511794
1723490356
1876563155
1282236767
1892861959
346296106
29004954
569980419
2007085710
1306354709
1760832012
1746054640
1007751485
251006619
263304464
691887557
739003187
287931649
1131201328
1267500602
2054095619
1511616669
844363863
189880541
1448112899
297582370
755289055
2060235699
629989218
1424045132
454856223
1257501012
1000051840
183935731
392254131
745430152
530231837
421259086
1315410571
389833899
1727613795
928758935
2135888539
587881633
1179765554
251709355
1279769190
1918768741
539641004
263486871
1038785696
446252975
1775103540
1883149559
636133517
1075732791
33248281
1391422572
988484843
663237499
667984056
1443341066
1920738511
1668035897
1627276797
165508995
265982401
10024986
586768081
1581392972
399858885
166898228
362668259
388263776
754779861
1542433814
639973131
2034549052
1313718907
1179614136
150552275
205020955
1625867111
1925655815
2088170515
114516980
853904959
2121418796
1505939552
1842389802
637172648
26439961
1138247220
410427511
1694475858
618040370
575936506
1960458259
628065356
1162704587
1394367583
1027924242
1329602816
1757035842
1416188018
2084382677
1151986008
2056161150
1971448081
318221268
1088291638
2122000356
523242223
566675101
1900172524
463929090
681192082
606593835
437864239
39647986
301499989
1075036887
66087947
1439747209
1485464398
1760563805
2057787579
2061400905
1573538416
538369288
1076621844
820422351
1566293530
258741012
429974546
834997900
195640042
1581960554
743675402
19604475
1900181822
1831967040
2141604832
275940398
251158494
1894293708
739869488
932350576
353403895
1177733727
971998562
654903884
105286966
1038086510
2094651093
1590751365
651166667
2004955025
1504668622
77221436
395840665
433806818
897643787
1962134195
692547831
1327618333
649648447
888187873
762095240
1393323850
907792348
514793414
1077807242
901913532
790733812
1328965736
648723592
1530603301
113832664
1002127487
560853380
1085831227
1657031371
666140347
2123917737
1604198817
109408064
627600756
1461670194
1614076686
704822192
1857510859
2047883504
1602465980
1672161406
592947687
782600665
174326205
1481135560
1544695905
1567650055
241444261
2059489320
497973650
1143357793
702739484
1826939386
1792081386
85859137
1940772051
646725225
646712518
879119630
156272949
1312852865
855553719
1760471766
1422260929
1483154475
1074658312
888853967
40493020
784685523
789253823
1642959000
309363281
1382201511
278076017
483689486
715853423
1822771923
2051339542
957297684
1734777595
401829544
2100655478
290033431
81285282
1745253216
375892569
2022057333
244494793
1022605087
753693315
400767742
187974304
1609247034
13755860
1610235233
944917862
1088414172
351605552
985410882
1873099695
1140859375
480886234
34979328
375577238
758962251
518668815
1091430662
434250526
422524709
2048728346
21544473
824354253
2001900176
311577905
905639535
1599669744
687470474
780213221
1844164538
1710075561
1533906536
97448632
1898049865
995669923
111204493
1360801450
1940587785
1199618665
1712407002
778515019
925234713
705782729
1259401253
960214041
1081359968
2018363504
1478882856
25306982
305130383
1901407565
2074035328
326674856
578278170
1928451857
638252761
1483917706
1380637953
1325723235
116647279
1077318843
888315148
1650553815
1174767476
638881365
498740090
1285971969
1999682815
291844227
338106986
1564606169
1070359246
1263341699
122905251
182276851
76072093
1204265219
53156708
1554954949
1229572201
358287091
1308878867
1156123881
684961947
1887157037
937092090
1323214709
1223591095
170246396
501454296
1340238374
1247565239
1389769445
843308542
274849067
2028650810
1342048632
1560821036
1880849978
1633892860
1898928023
1297972499
556768458
1014786074
1420877750
739045310
1090858167
477659321
792202018
498329469
1707231522
1150489109
1807208336
715871756
1835451056
1546881725
1652963846
1011182117
622989173
1823210242
1512636414
1963227547
923291834
754922211
659052441
1198140901
636089373
2001101074
611478290
369455703
1487510286
362922665
1667428203
2044278744
1377708739
940822305
635840406
321083259
1418481627
1428042424
819412728
978229501
431047885
479137416
1694101257
119015294
2026019141
1199581456
1130197411
501524666
875308050
495350177
317268566
1798599884
1250272388
976321007
849257138
1886361762
829938433
1460735428
108333817
169965071
1823658093
1775762020
66760168
1053883184
569100678
702600574
1374966443
1987582305
2130642999
46895523
818328158
414207236
526032939
364945768
533222530
404568433
1564527224
1663419942
906093099
292351626
11286471
1223361665
2090951511
1261558860
52199025
792725001
1000436974
882137458
105976781
1108770791
1052102530
1929634874
737049164
1118862698
836034410
1306149842
1821463272
63517206
1146248499
1804622623
110412729
1964576657
71346212
636445669
182038777
604568742
1041014102
1746566001
120505036
1947107201
2038917628
131791508
1022985219
1982385491
1393350368
1075184244
627626844
246303694
1957321702
733603625
1355074485
861940584
515754851
2092123649
1980803282
1351789261
1250789843
1654782907
1415306467
249554694
1311921882
1525719197
66647704
1383268094
14681218
248686481
1987836837
1055695320
1995252483
2108341873
855318873
1886686463
92649733
1878304092
1721588306
1486000101
806004688
201731502
1732303795
615842743
935335127
939894633
1477783327
1451089978
884534634
1311102962
655395591
2135324478
818402221
2070702059
237395524
2130324103
1448937608
304043228
1366108550
1463618826
552729710
1206461739
371830498
400498545
1167319964
1227149371
139701360
1259969698
957969816
1861289666
598486151
1763974504
2063021168
183306299
232333599
850872647
1123200932
1710116927
154478977
2007735566
873736241
809874568
1995576396
1692138462
733092979
85488273
1674978917
34546939
389531501
893603819
1498165765
942261211
2100065558
1869996263
1342759756
1119901875
949661987
1482461116
232387925
1907631803
1196267134
830874076
1524122659
1111804654
1014180375
1756456259
1962677301
2137381307
1319089538
2117156278
1997633226
45342131
779547199
1845725974
1737480593
1512640178
1931214247
1264975862
1547187118
173262101
11096034
897869235
1115523312
2111161592
620381851
310799421
1083579819
1570043838
1793260537
1315967744
1330191993
842044024
2146841821
706831004
1953848678
1013538548
315803615
1769042332
1003436208
1634893153
1738714962
853585786
1680235284
370778513
551828112
1270232229
1883418692
335558712
387724444
1283122162
508820813
398820478
33507749
1624344125
362498422
653889600
1935143546
1446078242
76449790
1580920436
614562338
1406641783
275480812
613920511
2113472788
81845842
1627459060
281792755
1850888174
483411620
1916685909
1442119489
1336997406
1449437545
1812898002
1888825518
572186127
1548833046
76900582
959910571
684471560
585721395
1358731049
717979310
62581873
1721229471
1371868910
1997725419
1019824065
1448318701
1431162207
1634386404
707476836
1706643019
100823267
673465976
1788488862
1728282327
955258732
1491893388
64210299
724460993
786529229
1401207705
26414890
451943584
1142549576
598601017
2000776630
1219450158
1558511588
537764543
1805171554
769758989
1255743853
1867753427
343504813
480129115
1717995198
1363328878
1928447816
1001673758
850231634
488441005
560833129
951054902
1161906981
201838343
531853581
2117165713
1693731732
596063881
694143058
332777313
1997271586
720557949
784720897
992337514
1319158966
638013880
64304025
730186907
1175778423
1869475579
1499945896
284038628
1589745358
1843450709
764167743
1160256908
1059295940
545131912
14447018
1909527574
1033572917
575280148
713098828
47996250
777118491
1244952410
17678316
323366575
1841016291
711821374
656143889
1690804229
1432379323
1440864786
535658096
604054642
2078878666
599962121
1334241549
1107173441
321954052
686703797
1391212069
1911699410
382670859
7896165
924472670
1441966799
553028077
938919689
1204010725
1586600994
1514199837
1917109554
1634597244
143834680
1014578316
1652275560
467201256
708110959
216613287
1123345145
251431540
1648992610
416726283
787089636
105563604
348121302
1387051757
1439805153
1455294743
1709005809
2126508951
699023165
1473221571
361696162
706919330
250210594
1803662961
1259947407
1189130283
860190038
699064753
555846472
629815944
186178349
699681152
1644394260
1838453910
1166882408
205021571
2055067197
142743905
456453112
1556576159
559470189
1243542748
1662139764
907591491
483110858
954461269
215402586
44633019
933486572
914425751
1517854591
1295182734
1621345081
1768065185
951362047
733808840
809711820
1811552086
1432873593
1365558292
293884382
1619051943
2065239444
1938278643
1310022205
1084638205
2143300214
1217605754
1227382110
452269678
626698265
1786852299
1695812427
141354381
546960142
31439637
1095815651
762362729
76072656
2029302223
1676788480
1593927247
1177001310
1150649914
1214508784
2128363357
1884458754
2024220604
1792431795
1169848700
1242295248
2086316178
641416995
1160051045
1877111173
1951439200
97205602
1872927739
1021561306
1324587712
177713770
1648259571
963956364
1873526197
1789613953
1510916506
1904965834
737945956
125795587
1981038490
619764531
1802584068
1427482090
1796765841
805750334
494507226
1777645551
542725440
371244183
1422593698
1712574140
1613539431
1361426228
206507487
626106828
1091053753
10463039
723312430
816497845
1032024345
2047900143
994211615
532800269
864372859
720254164
174930574
227805717
477736350
912876530
353601305
311291192
1532641061
8701725
1738773282
1181923255
814452059
85796861
812085158
1357177499
457041044
87195208
922267992
2070580475
1448621437
1128775479
549203656
392191542
1139238519
1272516086
1208689387
23779216
1172932581
55417354
556579485
2037305440
775671518
731510059
117627510
1253407868
1644386589
471228815
1564699061
1029544003
479930540
1155988695
63983610
1294382599
1241785556
876068768
504076450
1698826600
963263976
1426344442
1621923428
264401765
407636274
23643436
656593308
1546874793
1296159522
1865282695
1570654009
321608456
1920700050
2127233495
211430248
548887920
711259906
329057758
1802295789
208162848
800286573
1219511202
1237706851
1280217113
228016249
1301690461
427116064
1469801806
30275581
931192515
1021144758
993539557
210053309
495584538
1257941323
617689583
519227974
1914534631
17080728
1815387497
1632333678
1587734738
2136995953
1405550080
1567484585
200942553
1954438001
131260843
530000312
1609250142
339423691
1330286885
681277696
1577130542
463020351
909293945
731337355
890136415
231612103
761612936
1821328930
1252756862
1755152494
2031382240
1748341400
865610169
501588175
120085727
632661152
518668904
1935473224
117511182
2106403642
1924985529
1523061263
1526404579
2125928082
1330015616
1657665422
508444746
791782110
1997089114
1838731632
1473059806
1426736008
154268335
234870103
10589716
1044404750
466482207
772202652
718250033
1719239069
379871498
602148625
1320096821
1245481667
1103736800
1440182548
1878142819
1622405704
1228172124
1995654002
1581325698
1005674005
1371231617
960246629
984118440
553763585
470428404
1492563186
1345545695
320033870
1183811170
671121853
1746769878
1338079505
905991956
1757359594
235000608
1372474163
382078599
953250641
944229584
761950097
1555399266
116842758
2007431765
511652418
1557025306
1738090936
2134058123
637713783
1586261290
1567900173
1643387788
810009259
380663155
480022580
1363772844
851091559
1972585767
561834891
1171125429
1008913289
1232956744
770411659
199509147
2138948701
380287606
434509755
1363939216
762366205
1387760396
160685153
1524316302
795676014
277527911
1384264419
1307328432
1834553217
974871708
1293902907
324783352
413649350
714319433
1968171141
1223658610
1094982588
300710073
439947806
1946074147
125812192
1001782698
969715928
1134725482
87255794
1740127587
1334234629
78720847
2120415193
1768744384
1442660064
735297750
1009021132
1603345217
112130405
1804697146
1880873128
1496394824
964541930
1567942697
323782884
110961190
1892726050
737432235
825280623
1713413543
1961090845
1920263211
2014123616
253555003
1718853710
2139935809
1255337701
541085990
1127177643
1342593496
133729929
313928624
1421314343
106661475
2082673008
716490759
841959225
944210492
172352328
954089630
601423990
2053225456
303000807
1565965920
1473684506
626783691
1676927110
1218926908
1364215926
354724085
784856803
1177823123
127503648
651496771
1431378127
1846357358
643948932
539232180
239959700
1771126575
1881825676
373689630
2085055199
1155656372
480351105
2020244559
1872147131
1322310330
816971403
2044499460
128916313
1418395393
1950241268
431917120
836877666
1276442126
1058700811
366321128
347885386
275433090
721045214
1132742189
1453256213
848548862
1784238961
737150692
547422573
280704245
1276382873
787382273
2051830821
1010724901
1161071903
1989402372
18897625
1641423008
1862163284
1891044757
816249691
531651039
1788060569
945166004
1950046433
1590818189
1377083124
639440451
719776668
288300287
1005761579
1067662054
563733377
1726806793
52920596
2016989591
427872008
1837159557
606656635
975294581
2117863802
1883039508
1762676854
2022210975
746280762
776265110
1864129700
765178387
270204470
1578809336
508739496
1086454161
2110460375
149316417
2031620165
1913023160
1740134607
1261219641
404979963
312427627
1549519929
1410741543
1380089681
2113253306
990064688
1433010277
1982759249
1417936696
1122686186
441932237
245747629
1093066341
177488097
2008424484
967793668
923768859
637205946
684439720
1688947247
907410416
115765408
50203095
1993864578
78742136
199519513
1878001095
1991765296
1939654120
991737089
249261612
104598099
393773370
1660003155
1484687780
359543028
502584195
770214410
194818630
1920520892
1892900596
636750867
18784873
838483289
814238964
2027209357
1806276958
1738007824
516931655
343233030
1279471423
1424342072
458998439
1329674518
1270723002
537740575
1529194031
1001240449
382022223
1321364503
1992977538
631283835
1425962602
239267260
143803342
763166735
598810289
646387538
1533381145
793628919
419424782
1278798093
1430379786
438209655
2117281383
97135102
317935365
1776074693
1835142926
834867020
2119307723
967130701
111725444
430822514
149321572
1382448446
968563089
1678515603
236205248
1350585313
852396459
81699138
1981869148
130875413
320966399
2125672491
894042148
919776688
624576381
279939645
1713405607
1044001163
1558737739
996301745
1482210818
1528535474
1093436847
1800146183
1157126519
781096126
487529556
1128950594
1748226827
599255000
1559773109
1897548399
1981703447
380852550
1428580355
70425047
1731437863
133493166
152124185
1565823364
264368579
473090584
1544012207
1158410728
1392867272
21104940
1438350373
958789231
1065106103
849604464
1955090976
399833273
230656290
901044176
52495809
1387782809
1682140302
540025365
369249756
1282883481
1139280365
1929022865
1032948233
973500164
162391767
314044940
1043925211
1893829631
447538106
1196049397
1312169347
711906685
1669139981
708697906
1870317413
914523606
729802846
1161184139
1873312837
1794908949
2010788603
1680920166
47258574
93961246
434480694
99754383
1481744055
2116620996
639779748
1850993811
1252020829
1779060114
1632533028
137485414
605076630
1794924796
451530354
1649001842
1541270779
899068460
697567591
705956478
1610975146
219223924
1414654384
1333808911
1133747530
2144457230
347509402
859576720
1791882531
210814358
393013238
1839141105
304775604
827493932
1938895489
1786519659
796631280
431191589
1490029823
2048652109
62768055
975079203
38653876
667844686
622520351
490184230
169362880
16307482
1389252691
866930471
722263960
852744189
1086154395
2136918344
39069452
72418278
2133891926
386578855
931994998
1778290809
597393213
1325008236
1469948267
902168817
5018520
1261360108
541204828
801649800
1692551697
2031234651
702818261
1755319753
858830207
741472137
275680791
1481350558
1231656368
445043671
1497658041
473425411
1311974142
72438353
1326169600
250644889
61873050
1365239052
323063167
48281328
1751817907
1255058165
1826572138
201727472
432582753
1149036757
1103896289
437601273
262913217
1645101118
1239251073
1955464914
1528852121
1942069335
1563301019
240198680
536057824
1838981810
1721549239
1767714192
136541833
1071723632
93655955
1448515975
1144161985
1419825555
1699160865
1206035035
637580960
2022224032
1254316364
241915219
1129798550
933404854
443642692
1562381303
2082441611
1547538981
1999982577
197871180
1045156451
1091750002
5852446
426524925
886335689
1569153466
666723605
1422393514
1260651628
240789196
1042624058
1397193462
1312512828
1136280014
698225789
309191166
408621921
249903006
1515226201
1046202881
124643391
622058917
1288118101
1254441941
1555463771
1731760793
669339596
1490421734
1131816126
521838525
1688292914
29488930
1613588528
1694145361
456013855
352440569
1115815179
1122737460
1774834083
228983159
1363526657
669974494
1626176621
528555837
1806254508
176918763
837747003
67392781
426821769
205489557
1113595663
551465160
827548474
254230116
1805907101
235528598
1985990909
327763050
1725950332
970323387
849601575
1266759599
999812317
315706455
813421312
1455826172
668147025
1929236491
431079985
295497460
10736002
1794606642
965471954
1636912624
175678831
624242814
1813831387
1013425835
691635596
93169508
1218915392
1805231259
644634669
2046463866
2059461375
303058122
134508816
1897968636
630821172
1860459149
720808375
1480422748
979735100
1720620693
1796129203
1793156412
1028963217
316792580
1574909255
1460043202
612290041
1585645257
1107166196
1577761995
1075074233
1282845028
54521162
741421972
148787215
746156758
834591481
1367702607
403904369
1479226150
1266682825
315882096
1782284272
1401191642
66367084
265621797
1114167143
787175459
1746044545
2093902243
360312504
1394690100
1739575007
1389275722
1711482681
1167000614
701835276
176289074
605162223
1809001473
1754051069
1680236457
944362853
1808572231
274174781
1093150068
407245341
1108766262
313369027
811149710
440508764
1580051852
1127031806
75309389
833759846
1193398890
340931186
1947926989
1980574350
2086975731
1894345584
193403206
1334182183
1486436943
1582678928
898181216
505953909
137030557
1074470290
1111116133
1946032030
681037712
643868942
742911235
342126295
918043723
1836061303
749371637
2026809986
1946682
1560521347
319835102
1581998534
540069506
395144491
268274733
1733468396
736075677
68718074
1566559098
675567760
1963063659
1759962305
2009749944
1302016954
1195157585
760447512
1807970864
1332188142
1834917803
771603349
1130736524
368471867
1415472291
1873647759
710598162
186032366
1562225414
1459969799
65358704
1564172096
873007499
385193807
998686983
1413077005
780338298
1266961716
999061753
1516413976
1335679790
418137204
44498088
1151259801
30615861
2054248032
305793108
1225773446
667211897
2113763972
410477941
354646052
737883673
1541214465
723117919
5872316
1267378577
1433716081
191904682
682120343
746202233
257263387
98808792
1619209732
642457194
1097495775
884803089
1422795492
216973843
1883864842
791725820
1552653633
154518398
836223909
556429787
185134259
742988293
862222895
1410907706
1410200190
828503219
1821385647
1764846242
1566386892
1215116464
340480513
1572259208
335011393
1774196595
1764163890
1017131737
372915180
2021427277
1115940529
1992124912
516400823
65952656
729444353
1939196316
282926499
465825547
583438488
1835580132
620343946
1419662397
244526271
805478205
15167043
1106749166
68902263
1425367233
1935252385
1890287910
1042729828
1354155629
957920727
1383210341
778931189
1292932120
1009923288
395611432
162580209
1382838468
269555061
1278520738
1227479732
785955885
1344473394
1956924085
577668553
1627399893
275265985
1161107041
1315496378
895609931
433285791
1560022649
