3148600
8582828
15150350
28160773
29980778
33145754
34082403
46849006
49694675
53058878
56113915
83484967
84376342
96993882
100834073
114482624
119660157
123834958
136783374
151995732
169348683
183025352
187241217
198788244
199494421
205467974
207327007
207782509
210979967
225985196
244979071
246709747
250614567
251399458
255690345
261130946
267880048
274819798
297113107
331647460
332947922
334342604
342808365
346476300
358774653
366822587
375223159
386735638
395739094
396144381
418314551
423350146
433584645
440041788
478860015
484946367
490039462
503783850
511928338
517111965
518487838
524006500
534849517
539968824
553788332
565993573
590089216
604406780
608339180
616427483
621271911
631669880
642385814
646077129
650782214
671474897
676936319
684146113
697821971
711419891
712307922
713807732
720580435
721206621
721845110
725870781
729474475
730318824
735176688
745436798
745502294
747347562
756907410
762401553
765197585
773815130
775473972
779161452
785137138
785864255
792915904
795580397
803806270
805582963
833581039
845345884
863137230
865513417
903516760
915071561
928262719
928936731
933006208
945562992
958786804
963317340
963707381
968130439
973174459
986233597
1000145874
1002929722
1007774011
1015720236
1019795884
1024780618
1032648347
1038201139
1052506782
1072840424
1074376309
1086516193
1097932714
1104276948
1115071770
1120206860
1128789688
1140420744
1154516919
1157535417
1173566498
1173674497
1182316036
1196085152
1203847194
1220184314
1247347920
1269878989
1276984359
1278930529
1287074953
1292307861
1298208230
1304337646
1316788429
1324752975
1330758496
1336213373
1353514990
1369953532
1374269020
1379124647
1381376375
1389244241
1389532997
1395172975
1397675809
1407449943
1411864617
1418460425
1456383309
1463064293
1469305066
1472453666
1474911273
1485531816
1496137244
1551901839
1558396240
1563898366
1569557227
1576104705
1579083338
1584687533
1614238057
1615900681
1618719423
1628334815
1629387542
1645787542
1647354114
1663706418
1683430561
1685337041
1686099886
1707782767
1715694214
1717026147
1730844564
1738671129
1747219885
1747857223
1766170916
1769407612
1775751845
1792470042
1793250352
1793414903
1794838410
1811415766
1811833876
1814086585
1818523121
1821723871
1822265392
1836441427
1846142358
1849370123
1855687101
1858089745
1858361658
1864004087
1871054844
1901669165
1901864481
1902111190
1916819516
1918884962
1942929428
1945018099
1948865741
1950869959
1952014341
1961391419
1972572370
1975347258
1978075298
1988437159
1993421275
2013813398
2014152971
2015099933
2017747347
2023050576
2036882791
2040990714
2045333410
2064537554
2065522488
2073456251
2079990857
2085147430
2120651469
2121350511
2130792006
2140376293

QuickSort comparisons: 3649
QuickSort swaps: 843